Row.names	logFC	AveExpr	t	P.Value	adj.P.Val	B	X	ensembl_gene_id	external_gene_name
16660863	0.832111977489788	9.26255552531397	4.58605647539522	0.000840349570142412	0.0655146267103374	-0.328002015034098	204	ENSG00000169504	CLIC4
16661648	-1.28458081823926	6.88958782640627	-4.95405330959708	0.000469971936207993	0.0489795674576392	0.232862312235747	623	ENSG00000162419	GMEB1
16662685	1.06150979823179	8.10168422569266	4.12449235905707	0.00178817018659067	0.0951056366012789	-1.05925704838392	543	ENSG00000230955	AL929472.2
16663812	-0.771373661807817	6.7051272929999	-4.85989475520293	0.000544328898649821	0.0524412771523654	0.0913312396021926	695	ENSG00000117411	B4GALT2
16664569	-1.31319324065077	5.6183494465403	-4.7499521753581	0.000647191716072312	0.0579515916496462	-0.0756601319211061	520	ENSG00000123080	CDKN2C
16664731	-0.783312510380496	7.25878677076058	-5.06408332798238	0.000396481648840673	0.0432428729414496	0.396489422868856	568	ENSG00000134748	PRPF38A
16664828	1.30884180710888	4.20994622884379	5.08869283712562	0.000381775775625908	0.0423448104471829	0.4328248178654	505	ENSG00000174348	PODN
16665566	-0.840069413083288	5.74207905672662	-4.39854305954075	0.0011381637783885	0.0758079147945243	-0.621538781619486	527	ENSG00000079739	PGM1
16665674	-1.027199657625	5.89870554875734	-5.17405618988551	0.000335089598125772	0.0406162587525347	0.558115677407565	820	ENSG00000162433	AK4
16666055	2.41682199725062	6.08915629140151	7.40066090777487	1.58736773125319e-05	0.00968011872214851	3.4184542414737	541	ENSG00000116761	CTH
16667546	-0.785204517860965	6.06463901899153	-4.23758768848477	0.00148226409784247	0.0870392057084425	-0.877418901259317	1159	ENSG00000162688	AGL
16667760	-1.8642270827035	5.74888803686047	-4.53565635422092	0.000911308801348888	0.0671518163883826	-0.406401460165664	1298	ENSG00000170989	S1PR1
16667925	0.933135409949378	4.605814217457	4.70339294094759	0.000696770274891301	0.0595761103714914	-0.146934988480909	1301	ENSG00000162631	NTNG1
16668079	-1.0132571811525	7.10440359583903	-5.92763761479138	0.000110800787150983	0.0220705930878436	1.61334523891346	1321	ENSG00000121957	GPSM2
16668150	1.46720010401859	8.29997002123233	6.26995512449201	6.8791577084152e-05	0.0182102889451841	2.06257944102864	1311	ENSG00000031698	SARS
16669389	2.04499873425991	7.2770133892926	8.54006622024815	4.21034040014292e-06	0.00678469703196888	4.60282968408275	1120	ENSG00000092621	PHGDH
16669796	1.35573719685269	9.21438750303794	5.68667792484485	0.000156476135259559	0.0265366812400923	1.28589146878071	1025	ENSG00000265972	TXNIP
16669830	-0.862429538577013	8.52856369614399	-5.88494662299878	0.000117719019096096	0.0230302459932211	1.55601033193613	1024	ENSG00000265241	RBM8A
16670199	2.43181844165591	3.86617365032955	7.04161508895297	2.48561204533364e-05	0.0109412717584989	3.00850135024628	968	ENSG00000231551	AC245100.4
16670364	1.45178089680303	3.21162346214928	4.08911045876464	0.00189690292271726	0.0985388049325828	-1.11647542600179	1150	ENSG00000272419	AC241585.2
16670469	1.04168966881652	5.10715295662398	5.80637510403054	0.000131687401621316	0.0244363987517336	1.44972230905307	998	ENSG00000118292	C1orf54
16671381	1.10764951229953	7.94405268576275	5.29120145937584	0.000280644987802684	0.0367848354000543	0.728158557758941	1201	ENSG00000143575	HAX1
16672126	-1.80738267257395	6.77442045806965	-9.41513326787622	1.66020824351602e-06	0.00396718618418465	5.40362054717619	1652	ENSG00000132692	BCAN
16673075	3.17401337825205	5.81071677232087	10.8312655149527	4.22843452031049e-07	0.0023796661245897	6.5281910784836	1691	ENSG00000162733	DDR2
16674089	-0.825949576320076	6.12599291197485	-4.09906344645347	0.00186563523302065	0.0976728655484707	-1.10036427213173	1447	ENSG00000116161	CACYBP
16674151	1.50693083933407	3.04642902492427	5.85032275674093	0.000123668828863789	0.0237771092000529	1.50929497706712	1446	ENSG00000116183	PAPPA2
16674767	-0.7654224721948	8.83909292879907	-4.29229008655709	0.00135447262815301	0.0826870936172092	-0.790062939666839	1698	ENSG00000135829	DHX9
16675944	-1.12774177672997	4.40863614327479	-4.72263107790985	0.000675815119569743	0.0589215151405078	-0.117444625607004	1501	ENSG00000170075	GPR37L1
16676764	1.69056529976049	4.68072608257096	7.63440562778855	1.19512262855048e-05	0.00869382107747926	3.67553161227573	1429	ENSG00000196352	CD55
16677278	1.35737430606211	5.23621856929594	4.86140606479943	0.000543041748945155	0.0524412771523654	0.0936137946377098	1657	ENSG00000162772	ATF3
16677451	-0.858193712191373	4.40442551768584	-5.2427100029872	0.000301946069294884	0.0378325985100789	0.658037301293248	2050	ENSG00000082482	KCNK2
16679686	-1.02178392481799	5.67753316987123	-4.71987215418626	0.000678778959067528	0.0589215151405078	-0.121670375031044	1970	ENSG00000202079	RF00019
16683105	0.794249065838912	4.36401338091465	4.68952349539756	0.000712302375605811	0.0595761103714914	-0.168230265068861	2400	ENSG00000142798	HSPG2
16683622	1.32587397359221	3.17723652986818	5.86250224037506	0.000121540063607169	0.0236395423715944	1.52574977919036	2516	ENSG00000238482	RNU6-1208P
16683866	-1.09500524427559	3.97411400620852	-6.47487013155191	5.21055654264591e-05	0.0161700072916521	2.32266046226432	2352	ENSG00000225891	AL513365.2
16684535	-0.91398959755958	5.54651338308705	-5.18831691151585	0.000327900036352161	0.0399347985559515	0.578933375194683	2681	ENSG00000121753	ADGRB2
16684760	1.61113026816436	7.45209801031187	4.93601378542115	0.000483337892433995	0.0495657428404217	0.205853923804964	2644	ENSG00000134684	YARS
16685479	-1.40714124822339	6.82545791178116	-7.6945799064131	1.11202949176168e-05	0.00864592014689306	3.74049223850903	2501	ENSG00000233728	AL929472.3
16685505	0.787213430038526	6.14834471992622	4.84652780499516	0.000555854707084308	0.0527936627011509	0.0711275365549717	2686	ENSG00000204084	INPP5B
16686201	1.94423720066282	6.76851547770574	6.5243698823803	4.87639354423579e-05	0.0156860451566215	2.38450778043667	2539	ENSG00000196517	SLC6A9
16686910	-0.697192471053227	4.45154919827816	-4.65313000484424	0.000754821206847649	0.0614682571235734	-0.22424655092602	2508	ENSG00000162373	BEND5
16687304	0.966277259741682	4.45949675052739	4.56618270602777	0.000867609111543604	0.0658163156861218	-0.358872115336976	2314	ENSG00000232993	AL445183.1
16687418	-0.792391168917369	7.70999958743096	-4.85667747679665	0.000547079743115189	0.0524412771523654	0.086470955198708	2391	ENSG00000058804	NDC1
16687618	-2.23704500346268	7.95873836277583	-8.00612194818614	7.70665651984269e-06	0.00678469703196888	4.06901981378102	2493	ENSG00000116133	DHCR24
16688370	-1.37000643854785	6.96423406765731	-4.52994233764897	0.000919743020637636	0.0673284092175306	-0.415313218993034	2998	ENSG00000116745	RPE65
16688506	-1.06077674428989	6.21104228396918	-4.4913206834271	0.000978949187044336	0.0694786577531165	-0.475672549651901	2960	ENSG00000172260	NEGR1
16688937	1.46266739408927	4.92207491412726	8.18023840290528	6.30727817981175e-06	0.00678469703196888	4.24706638795812	2945	ENSG00000117151	CTBS
16689312	1.81017562431831	4.03634818341275	7.6163061387786	1.22140727757974e-05	0.00869382107747926	3.65589556231247	2927	ENSG00000117226	GBP3
16689678	1.40873951206759	4.88713140308139	6.96992449747506	2.72350978452587e-05	0.0114271688638754	2.92440501801377	2992	ENSG00000223745	CCDC18-AS1
16689969	1.29940344110904	5.71221896411819	4.52103146692512	0.000933060367724095	0.0678323022571048	-0.429220338107722	2989	ENSG00000188641	DPYD
16690704	1.04679378536662	5.73187958013272	5.62376548320911	0.000171461458588534	0.0274232598345406	1.19885607919117	3028	ENSG00000168679	SLC16A4
16690739	-1.12691033272447	6.62537652751655	-4.69528903214071	0.000705801755081582	0.0595761103714914	-0.159374287118371	3017	ENSG00000177301	KCNA2
16691403	-1.18029162151335	4.29704766784157	-4.88569165872153	0.000522793914558368	0.0514637545147984	0.130244163099353	2856	ENSG00000116815	CD58
16694178	-0.842292361297225	5.96671342719655	-4.882396754226	0.000525493527421115	0.0515538430098123	0.12527976888366	3245	ENSG00000225855	RUSC1-AS1
16694556	-0.933429369348378	7.49930669113909	-5.69775503642077	0.000153985484449323	0.0263245012017695	1.30114981617295	3616	ENSG00000125462	C1orf61
16695818	1.23480267695787	1.67144399527001	4.10495540315306	0.00184737956049506	0.0970487614335773	-1.09083251947013	3311	ENSG00000200327	RNA5SP62
16696685	-1.29149196409466	5.46519882056361	-4.24426054572218	0.00146602094190782	0.0866506441529759	-0.86674161413695	3657	ENSG00000252906	SCARNA3
16697196	3.06974333254059	5.43041169568624	5.84440704417417	0.00012471713199817	0.0238416396220959	1.50129409484971	3589	ENSG00000135842	FAM129A
16697400	-1.29244555061879	6.092448984146	-4.18673449881195	0.00161241463602312	0.090506240324694	-0.95897994933252	3538	ENSG00000162670	BRINP3
16697492	1.12035896153379	6.49928903314479	4.79285353449495	0.000604800001075612	0.0560470338946912	-0.0102767774058439	3497	ENSG00000162687	KCNT2
16697544	-1.54827952041019	7.49715607452892	-4.10559962739998	0.00184539484184826	0.0970487614335773	-1.08979057956374	3535	ENSG00000066279	ASPM
16698801	1.24538149380168	3.99118863035763	5.33528054885221	0.000262665126071538	0.0352848492851763	0.791571473983895	3687	ENSG00000174059	CD34
16698816	-1.0896150412002	7.40766222748055	-5.14430427488309	0.000350633334386822	0.0407589061540413	0.514579510039414	3686	ENSG00000076356	PLXNA2
16699392	0.88382784146275	8.33685000090862	4.2088814709281	0.00155432080172346	0.0887342117762056	-0.923418281559515	3994	ENSG00000136628	EPRS
16699458	1.22409270468719	7.90423745322552	4.32326729073067	0.00128727875160944	0.0808467223077161	-0.740771912539412	3975	ENSG00000118873	RAB3GAP2
16700370	-0.933976053089125	3.9777783577729	-4.26303263342422	0.00142131817528097	0.0849085325640173	-0.836735716758841	3761	ENSG00000177614	PGBD5
16701775	-1.11871565046798	3.45408005585845	-4.06963608979114	0.00195967585230304	0.0999436025089217	-1.14803388148492	4031	ENSG00000232656	IDI2-AS1
16702685	-0.896468086753568	6.44144978409957	-4.57221933339017	0.000859231908833098	0.0658163156861218	-0.349489243053874	4483	ENSG00000152455	SUV39H2
16703382	-1.49890103016442	7.47917842259592	-6.8581557122039	3.14460246761977e-05	0.0129875964137965	2.79177797628873	4216	ENSG00000136750	GAD2
16703756	-1.09377978439523	2.72665140672337	-5.19655136262629	0.000323823368199702	0.0396820035155781	0.59093916296319	4238	ENSG00000206660	RF00019
16704055	-1.26346921113546	5.61413338393899	-4.4592902062788	0.00103109099606019	0.0720127728229596	-0.525893404534542	4470	ENSG00000099251	HSD17B7P2
16704216	-0.729968974862016	3.22934643801048	-4.19533434900325	0.00158959095514269	0.0897407654065204	-0.945163566722132	4377	ENSG00000243660	ZNF487
16705130	-1.11572878495596	6.32637885921323	-5.43302125681163	0.000227022864362865	0.0323183953378523	0.93106677698206	4453	ENSG00000165443	PHYHIPL
16705295	-1.74737430496388	7.02672424956515	-5.15696496448896	0.000343927276496677	0.0406563360703881	0.533123241116841	4326	ENSG00000198739	LRRTM3
16705778	0.804613545468383	7.78182717480694	4.38232918943859	0.00116867463909537	0.0772664849333923	-0.647154681317085	4166	ENSG00000166224	SGPL1
16705810	1.85915578805583	5.15765225084301	5.61778697403635	0.000172963108300594	0.0274232598345406	1.19055194250721	4261	ENSG00000107731	UNC5B
16705961	1.51430765757322	5.97305471740648	7.42661276622482	1.53764849793937e-05	0.00968011872214851	3.4473727177509	4381	ENSG00000168209	DDIT4
16706180	1.27656493079455	4.22326956416937	4.07910688601164	0.00192888146000586	0.0991225812028202	-1.13268060810245	4259	ENSG00000122861	PLAU
16707196	-1.49856035710017	3.35154944064226	-6.12680805645306	8.38030929458946e-05	0.0194690879959164	1.87698599646528	4839	ENSG00000185745	IFIT1
16707631	-0.984073832147539	6.82244090377223	-5.34047638184835	0.000260627861507319	0.0351574374147816	0.79902569123515	4589	ENSG00000138193	PLCE1
16708049	-0.908723616115778	6.9313667806172	-4.26638766898048	0.00141348031320685	0.0848950994578489	-0.83137783109373	4791	ENSG00000155254	MARVELD1
16708249	-0.830984337618695	10.8078303688135	-4.15996241583886	0.00168568789695877	0.0919951107746472	-1.00205201175933	4714	ENSG00000099194	SCD
16708518	-1.13337751729805	4.13340783203511	-4.72314773854835	0.000675261605009448	0.0589215151405078	-0.116653402202293	4814	ENSG00000226009	KCNIP2-AS1
16708802	-0.725135215756946	6.02536904908022	-4.36829946985631	0.00119576862838204	0.0774903755951311	-0.669349326487095	4835	ENSG00000148835	TAF5
16710017	0.925199526062332	5.00746332144959	4.77872301963584	0.000618429046427005	0.056837706920794	-0.0317811842562641	4594	ENSG00000226864	ATE1-AS1
16710126	0.806061501370182	8.45849181639343	4.69609055424777	0.000704903010570104	0.0595761103714914	-0.158143529609524	4837	ENSG00000166033	HTRA1
16711125	-1.59081575641049	5.95103287167425	-8.11750197828438	6.77700212230763e-06	0.00678469703196888	4.1833653104089	4744	ENSG00000067064	IDI1
16712373	1.19678238874757	3.98812224579823	4.44691290668596	0.00105201502601499	0.0727942847494229	-0.545339021187147	5304	ENSG00000078114	NEBL
16713187	1.46213130853871	6.75534752093086	5.2497125234935	0.000298766754734847	0.0378325985100789	0.668186635111351	5166	ENSG00000099250	NRP1
16714581	1.17543181612556	5.61305059100024	4.58187655840014	0.000846007016765283	0.0655146267103374	-0.334489901988692	5186	ENSG00000165449	SLC16A9
16715133	-0.872983139097589	8.09125163160681	-4.47561550766288	0.00100415982137508	0.0707224477142778	-0.50027851596965	5104	ENSG00000180817	PPA1
16715699	1.7680995491232	3.36989259294278	6.55611952686396	4.67421171091889e-05	0.0154822850076318	2.42397838138291	5130	ENSG00000222047	C10orf55
16715793	1.37429054420527	3.7152371276228	4.81186075511597	0.00058696588774332	0.0545454355793473	0.0186009312631894	5293	ENSG00000156113	KCNMA1
16716115	1.13303867937365	1.33282159356722	6.13856101630864	8.24473128977945e-05	0.0194623455628085	1.89234605817173	5054	ENSG00000200774	RNU6-478P
16716507	0.908090111552641	6.30974377521149	5.47864560103247	0.000212181797303126	0.0310645659991538	0.99565423014788	5140	ENSG00000119938	PPP1R3C
16717290	0.836634978207136	5.21257472487838	4.15003316086407	0.00171374177110427	0.092919800989501	-1.01804971186597	5744	ENSG00000119943	PYROXD2
16717359	1.64489316738089	7.42918976564984	4.6994962648011	0.000701097643655141	0.0595761103714914	-0.152915054049672	5597	ENSG00000120053	GOT1
16717816	-1.56702573269279	5.16801747058549	-6.81232085112134	3.33707315776598e-05	0.0131339347552827	2.73685077082333	5731	ENSG00000120049	KCNIP2
16719417	1.87558996749225	5.38246175807576	6.96731217682907	2.73262841247694e-05	0.0114271688638754	2.92132633911618	5407	ENSG00000148848	ADAM12
16719515	-1.37992379866583	8.36421591764349	-5.07210986722707	0.000391620314746048	0.0432385016815654	0.408350982432995	5445	ENSG00000148773	MKI67
16720085	1.08303172069121	4.35709523411791	4.5029883422472	0.000960651326740102	0.0689028605898684	-0.457415237811874	5571	ENSG00000185885	IFITM1
16721280	0.984515561078492	4.85466354135637	4.68783799173084	0.000714214686548015	0.0595843843485718	-0.170820176752446	5526	ENSG00000132274	TRIM22
16721652	1.01101360634297	1.96393737785748	6.15220587562265	8.09026764245535e-05	0.0194623455628085	1.91015119970482	5833	ENSG00000176716	OR10AB1P
16721759	1.09141647813666	4.63318422864539	4.10478257455727	0.00184791238815056	0.0970487614335773	-1.09111205349293	5428	ENSG00000254860	TMEM9B-AS1
16721905	0.854370690819869	4.61892824689	4.55909428179546	0.000877555865773955	0.0662281825367968	-0.369896628475879	5683	ENSG00000148926	ADM
16722278	-1.3943725302232	4.08556415455704	-5.5882528140754	0.000180589861040538	0.0279696907928248	1.14944436520604	6211	ENSG00000262655	SPON1
16722603	-0.942639526810914	5.15173591011511	-4.32276282202031	0.00128834454806791	0.0808467223077161	-0.741573585393147	6204	ENSG00000134333	LDHA
16723393	-0.777513498989847	7.41779154551209	-4.61070384407183	0.000807790362115261	0.0641810094410143	-0.289797767300541	5857	ENSG00000280798	LINC00294
16723464	1.35836248907589	3.20023294683668	5.90939715768736	0.000113702032053828	0.022375222237228	1.58888367261653	6008	ENSG00000184566	AC132216.1
16723614	1.90508297248006	4.60130992507833	6.52896663188714	4.84654948214174e-05	0.0156860451566215	2.39023198789247	6086	ENSG00000026508	CD44
16723662	-0.797643631567024	7.74034172555758	-4.42871763095628	0.00108358856663384	0.0741316398940052	-0.573964459792912	6116	ENSG00000179431	FJX1
16724031	0.716763010523106	6.50833352105947	4.45243079908979	0.00104263231807995	0.0726671282688472	-0.536667335226991	5903	ENSG00000151348	EXT2
16724269	1.08857512242258	3.83926264302821	4.90539763266491	0.000506951555843527	0.0506815642932067	0.159899692818938	6065	ENSG00000157613	CREB3L1
16724346	1.17922450894702	7.47107206779697	5.51170185606098	0.000202076041370934	0.0301796959286751	1.04223988999538	6114	ENSG00000110492	MDK
16724861	2.2763509600361	4.40021946879142	6.44552993366265	5.42015598682644e-05	0.0163972926645473	2.28582253961889	6229	ENSG00000149131	SERPING1
16725656	-1.47323703832041	5.0571299234901	-5.15849275883287	0.000343127292830445	0.0406563360703881	0.535359226743387	6109	ENSG00000204950	LRRC10B
16725984	1.70098457265271	8.44807125890524	6.00085737634717	9.99269485457705e-05	0.0218493865140536	1.71100141246272	6154	ENSG00000168003	SLC3A2
16726081	1.60460018796278	4.09696547364032	6.56895826554607	4.59502521769724e-05	0.0153721973632843	2.4398952541906	6118	ENSG00000133321	RARRES3
16726880	1.29155395215382	6.94985977291354	5.71178697777515	0.000150891008797841	0.0263245012017695	1.32044992374923	5977	ENSG00000245532	NEAT1
16730762	1.47442763204097	3.90559890363197	6.83542690199298	3.23851024875539e-05	0.0131339347552827	2.76457974719328	6696	ENSG00000110675	ELMOD1
16732569	-1.23629989319808	5.76539631326756	-5.67142191397943	0.000159976983403537	0.0267593500139097	1.26484441779342	6455	ENSG00000109929	SC5D
16732807	1.30115804334425	5.46448620986725	5.10447086692566	0.000372652488669208	0.0419754759459248	0.456070165256448	6432	ENSG00000110002	VWA5A
16735436	1.08286010890187	4.35387522619029	4.37180529917887	0.00118893698458125	0.0774903755951311	-0.663800645902971	6974	ENSG00000166436	TRIM66
16736405	0.870731016399444	2.59362476342122	4.52775818225732	0.000922988634353072	0.0674184754883137	-0.418720947221465	6744	ENSG00000129167	TPH1
16737244	1.06109301265183	5.2219817980462	5.93830388508132	0.000109141000262629	0.0220705930878436	1.6276246580644	7085	ENSG00000135363	LMO2
16737487	0.926755076778498	1.90712738642583	4.82028416517616	0.000579240899408756	0.0541282822592752	0.0313808876596697	6803	ENSG00000255340	AC087276.3
16738365	0.647482293395446	2.15282724577051	4.30000557384283	0.00133739978563197	0.082031604994142	-0.777773932261464	7297	ENSG00000181752	OR8K5
16740852	-2.04459971738096	4.61823704178482	-5.52956977843821	0.000196828121424425	0.0297497423919676	1.06734739691502	7276	ENSG00000199325	RNU4-39P
16741501	-1.36385990032315	6.17396968448408	-6.64217244119381	4.1701185904725e-05	0.0147009250957165	2.53017994668004	7279	ENSG00000172893	DHCR7
16741659	-0.878397642002825	5.47407563247775	-5.3731670739147	0.000248189379772423	0.034028391438142	0.845825768466129	7479	ENSG00000110200	ANAPC15
16742356	-0.653529025486007	7.37793587402564	-4.13822166797833	0.00174775070419384	0.0941533849566837	-1.03709615463224	7353	ENSG00000137492	THAP12
16747141	-0.870460592175777	3.30796071039155	-4.35627160984055	0.00121952169269324	0.0781089340195453	-0.688398716930407	8000	ENSG00000256417	AC006206.2
16747287	-0.95064157057821	7.33454187549243	-5.64714971454619	0.000165720106095038	0.0270439045331873	1.2312812929825	7699	ENSG00000010292	NCAPD2
16749010	1.01141814244407	5.30286647891368	5.16375177139561	0.000340388634620937	0.0406563360703881	0.543053145647389	8442	ENSG00000139155	SLCO1C1
16749242	2.24435749171162	6.04318653893398	10.4675579713803	5.91946708026308e-07	0.00270021191447854	6.25781553708634	8414	ENSG00000256482	AC023796.2
16749632	1.38088540313991	3.54148836205648	4.34594290527303	0.00124031447219831	0.0790352006722327	-0.704772903148968	8217	ENSG00000235884	LINC00941
16750270	0.998487652638139	2.12302092270513	4.89867396816924	0.000512299088501116	0.0508559457172591	0.149788036672266	8208	ENSG00000257849	AC012038.2
16750743	1.32360729945933	4.006116030604	4.1126211995387	0.00182390676899631	0.0963933286729899	-1.07843750720478	8119	ENSG00000135406	PRPH
16751687	0.884221673988494	5.97218908910373	4.17668900910419	0.00163950990739941	0.0911099077111958	-0.97513086403004	8220	ENSG00000139651	ZNF740
16752715	1.29445358650158	7.12141975587636	7.02614395608604	2.53499246380073e-05	0.0110137192057129	2.99041698739272	8464	ENSG00000123384	LRP1
16752834	2.01534805997448	6.95852566851519	8.79344135269571	3.1921462499529e-06	0.00562052950768023	4.84382487170475	8366	ENSG00000182199	SHMT2
16752908	1.60228189242247	8.55252978848861	5.85269720876604	0.00012325071083458	0.0237771092000529	1.51250479416973	8403	ENSG00000166986	MARS
16753426	-1.15739187795278	7.0893167818898	-5.71156351169145	0.000150939766725567	0.0263245012017695	1.32014280818433	8100	ENSG00000196935	SRGAP1
16753465	1.46683308433633	8.904948855994	5.13474354512372	0.000355789324121984	0.0407589061540413	0.500559262670267	8161	ENSG00000184575	XPOT
16754729	2.45094091389181	6.05817148935765	5.81114264116941	0.000130791273949795	0.0244363987517336	1.45619990202785	8642	ENSG00000111058	ACSS3
16756134	-0.904157342661987	6.46894600802558	-4.49050330375502	0.000980244715468395	0.0694786577531165	-0.476952301416484	8654	ENSG00000216285	AC078819.1
16756310	1.15769214659914	4.77936634033475	6.08529465573889	8.87861798412008e-05	0.0200692760838347	1.82255625235087	8571	ENSG00000166046	TCP11L2
16756804	-1.35243336496051	4.88342956829674	-5.33270352746104	0.000263681841373052	0.0352848492851763	0.787872730484271	8838	ENSG00000110921	MVK
16757098	0.833500612839817	4.38130502874511	4.74637615836874	0.000650864232431488	0.0580640320847013	-0.0811227935661911	8558	ENSG00000111252	SH2B3
16757160	1.19204723258848	7.14157503649446	5.93841463846337	0.000109123905881556	0.0220705930878436	1.6277728330523	8734	ENSG00000111275	ALDH2
16757553	-0.791395627359713	3.24069794670125	-4.07247041345606	0.00195040656062577	0.0999217474413084	-1.14343797565325	8536	ENSG00000257958	AC008125.1
16759522	0.950549873014459	2.28936895033487	4.30697578466726	0.00132217008684683	0.0815687328001051	-0.766678865885551	8908	ENSG00000256312	AC138466.1
16760329	0.983031181543652	6.91202763685198	5.15975182215878	0.000342469506569425	0.0406563360703881	0.537201634286464	9140	ENSG00000067182	TNFRSF1A
16760953	1.71360186159111	4.44818779895452	6.24217374947469	7.14626140574297e-05	0.0185585643348225	2.02681306824955	9065	ENSG00000197614	MFAP5
16761012	2.94439407236314	6.35956408006478	8.03479662988653	7.45483910018221e-06	0.00678469703196888	4.09861212432118	9351	ENSG00000175899	A2M
16762337	2.90299105837771	6.61558693149043	7.3668054517433	1.65484856962293e-05	0.00968011872214851	3.38058599036669	9303	ENSG00000060982	BCAT1
16763182	-1.55571114504733	5.38776071996666	-7.67589390933378	1.13714499450976e-05	0.00864592014689306	3.72037282833999	9191	ENSG00000173208	ABCD2
16763512	1.03752783110085	9.39589859744159	4.75619817202098	0.000640829566751382	0.0579413846651371	-0.0661235229379598	8963	ENSG00000111371	SLC38A1
16765558	1.61691881245039	4.79940666201949	5.30910607437396	0.000273188728032009	0.0360740511436303	0.753954121111943	9485	ENSG00000161638	ITGA5
16766352	-1.67612840540864	5.81490146277787	-5.61930019810368	0.000172581704232303	0.0274232598345406	1.19265435312709	9794	ENSG00000166863	TAC3
16767006	-1.09527952729359	7.51601908062162	-6.11331040535143	8.53896319814752e-05	0.0195659229336183	1.85931875064011	9415	ENSG00000255629	AC025576.1
16768105	1.36153038594742	3.56638007138165	4.58248929626574	0.000845175182661869	0.0655146267103374	-0.333538676051342	9397	ENSG00000072041	SLC6A15
16768675	-0.87425828504025	5.50682657131281	-4.37271802537053	0.0011871651301905	0.0774903755951311	-0.662356351558115	9590	ENSG00000180263	FGD6
16769419	0.726311100365368	2.82132539827004	4.39423658478494	0.00114618510240502	0.076080310348924	-0.628338909127539	9446	ENSG00000120820	GLT8D2
16769481	3.55814919097691	6.19933068031444	6.99512509522267	2.6372054521138e-05	0.0113109065634635	2.95405274336834	9502	ENSG00000136010	ALDH1L2
16769924	-1.25339691173362	5.71560925348772	-5.59600103779665	0.000178554925043103	0.027912974123327	1.16024248145342	10017	ENSG00000139428	MMAB
16773131	3.66321838623497	3.86110480905147	5.9746876954516	0.000103676309299034	0.0219518180461386	1.67619630123784	10019	ENSG00000102683	SGCG
16773328	0.695349581488109	1.46946966492715	4.27620440037216	0.00139080607736215	0.0841374801303317	-0.815709410392883	10042	ENSG00000151846	PABPC3
16773759	1.35942008960462	5.78388147774054	6.26911724720046	6.8870551589501e-05	0.0182102889451841	2.0615025139977	10149	ENSG00000073910	FRY
16774303	-1.5272274300467	2.6131120346583	-4.90913571421485	0.000504004124848693	0.0506815642932067	0.165518313674697	10392	ENSG00000102760	RGCC
16775136	-0.906502313882278	7.2575607579206	-4.46236748201266	0.00102595703850987	0.0719546473088243	-0.521062163070927	10411	ENSG00000118946	PCDH17
16776431	0.913485806032964	5.41404223025119	4.32834010271398	0.00127661264308536	0.080580753512788	-0.73271241132554	10092	ENSG00000134871	COL4A2
16777274	-1.12356314048503	1.93382084057977	-4.09628011769099	0.00187432456173561	0.0979744592004737	-1.10486849911068	10140	ENSG00000201821	RNU4-9P
16777401	-0.9951374594939	4.73162130673091	-4.17865401904813	0.00163417253144866	0.0909644057688578	-0.971970551030195	10295	ENSG00000027001	MIPEP
16777777	1.68943983865966	7.44205574268744	8.03129588854964	7.48510051302267e-06	0.00678469703196888	4.09500510480642	10542	ENSG00000139514	SLC7A1
16778460	-0.961211491840437	6.20272328339967	-5.04371584129805	0.000409106794706631	0.0441492216455344	0.366344715368111	10778	ENSG00000120696	KBTBD7
16778584	-1.30930899908756	6.26564324313867	-5.24334614465236	0.000301655766689385	0.0378325985100789	0.65895963890006	10670	ENSG00000120658	ENOX1
16778938	-1.48175984810447	4.07970437848185	-4.21633646569292	0.00153526198453042	0.0884004379182113	-0.911461950705251	10805	ENSG00000102468	HTR2A
16779157	-1.12283109457443	4.46274962855978	-5.9275503145492	0.000110814482799026	0.0220705930878436	1.61322829093679	10673	ENSG00000231607	DLEU2
16779535	-1.19877876867159	7.06246728065617	-5.25053088738352	0.000298397525268382	0.0378325985100789	0.669372244537135	10881	ENSG00000278722	AL445288.1
16779766	-0.810411981232693	7.83187887312634	-4.2125793365015	0.00154483637532319	0.088494787842572	-0.917486739154028	10640	ENSG00000118922	KLF12
16780092	-2.41087639473656	5.68157993679309	-6.47349474330408	5.2201852917392e-05	0.0161700072916521	2.32093657994045	10733	ENSG00000178235	SLITRK1
16780436	1.617438034103	2.79911642030726	4.11709612833808	0.00181034871937053	0.0958867457325348	-1.07120523315274	10575	ENSG00000202290	RNA5SP37
16780929	1.51869252684304	5.38574238448413	5.51171525892382	0.000202072049469242	0.0301796959286751	1.0422587426499	10528	ENSG00000187498	COL4A1
16781184	0.996126407413193	4.27302011763802	4.21284763820003	0.00154415058673298	0.088494787842572	-0.917056440119388	10665	ENSG00000283828	AL137002.2
16781838	1.17827917107918	2.42337977660811	6.82982161849542	3.26212972155435e-05	0.0131339347552827	2.75786034532375	11108	ENSG00000211779	TRAV5
16783031	1.29633601433003	1.58307618848153	5.98549250613933	0.00010211037303403	0.0218815250880512	1.69057972964813	11035	ENSG00000212518	RNU11-5P
16783828	1.24924882813825	3.13492978129509	5.13032945931886	0.000358196879574584	0.0407589061540413	0.494081351875364	10962	ENSG00000212615	RF00151
16788142	-0.986329015832149	6.37489438164498	-4.53083272017525	0.000918423378176369	0.0673284092175306	-0.413924238982198	11711	ENSG00000100749	VRK1
16788417	2.20058214190061	8.38257972364986	6.6127171402807	4.33576564842715e-05	0.0148183752666533	2.49395550704554	11847	ENSG00000258666	AL157871.4
16788420	1.13844453141003	4.77287608995995	5.70370719958097	0.000152664659306646	0.0263245012017695	1.30934054409606	11851	ENSG00000258521	AL157871.2
16788475	1.35895598059045	4.38839943212785	4.50909593084548	0.000951216901557251	0.0685709380471894	-0.447866019642605	11689	ENSG00000185559	DLK1
16788488	1.70531403479462	6.15125833772569	5.9572214745701	0.000106262228874865	0.0220705930878436	1.65290568761465	11464	ENSG00000214548	MEG3
16788576	1.71941906523311	5.81084252496254	5.31481527232893	0.000270855678417921	0.0360740511436303	0.762168647207951	11630	ENSG00000201700	SNORD113-3
16788578	1.18799723104497	4.50194984394684	4.16625987301052	0.00166814449375477	0.0916353042544488	-0.991912202559933	11601	ENSG00000225746	MEG8
16788701	2.63977286057265	3.3332787754019	7.57738978116305	1.28005784425911e-05	0.00892146981705086	3.61352289974216	11922	ENSG00000201318	SNORD114-30
16789926	0.708455438173245	6.03357331872916	4.24093306349186	0.00147409730666171	0.08682121707229	-0.872065211780114	11782	ENSG00000100814	CCNB1IP1
16790078	-1.37037377792801	7.06117892860322	-4.3072334142978	0.00132161067167163	0.0815687328001051	-0.766268900809473	11866	ENSG00000258908	AL355075.3
16792948	-0.883731503080643	8.67807269556087	-4.15015303550943	0.0017134001839461	0.092919800989501	-1.01785649958387	12216	ENSG00000259007	AL358333.3
16792989	1.0940433127554	2.19759318925128	4.27347144835255	0.00139707997103365	0.0842124564882154	-0.820070169416116	11989	ENSG00000258694	LINC02319
16793623	0.914101104866064	2.98645413224616	4.32557164174077	0.00128242207422488	0.0807950057836519	-0.737110409057167	12258	ENSG00000100625	SIX4
16793714	-1.66782861786494	5.13207016142297	-8.07570679935228	7.11082683228816e-06	0.00678469703196888	4.14064607934194	12350	ENSG00000258943	AL049871.1
16795394	1.00468111187765	7.25452714423457	5.57847267415875	0.000183193801893892	0.0282422370901303	1.13580067593475	12135	ENSG00000071537	SEL1L
16796590	-1.40032007786028	6.6248138980458	-6.13197876064297	8.32037019172609e-05	0.0194650114960842	1.88374634009687	12810	ENSG00000127152	BCL11B
16796694	1.81537108861519	6.21170604054371	5.44048104725982	0.000224522617732642	0.0322368225477589	0.941650098593722	13109	ENSG00000140105	WARS
16796749	1.60426491299115	8.44993430775965	7.26158971918873	1.88504755052192e-05	0.00990171099907229	3.26186150993851	12981	ENSG00000258663	AL117190.2
16796998	-0.995700489056795	8.06726898184921	-4.63505152991312	0.00077693000160603	0.062717918392718	-0.252146267769375	12967	ENSG00000166165	CKB
16798164	1.10265028229361	8.18654863629458	5.23377583733815	0.000306054669671437	0.0382043019372697	0.645076859581875	12808	ENSG00000206621	SNORD116-14
16798190	0.966332936818171	9.79737790735979	4.54709922664517	0.000894662330541446	0.0668081107275302	-0.388569062336601	12426	ENSG00000207174	SNORD116-15
16799739	3.47411084714589	6.06784782375359	9.579914166254	1.40417431581195e-06	0.00361348058162869	5.54483799792868	13271	ENSG00000128965	CHAC1
16799793	-0.991313967304613	8.83487406414449	-5.69666022409043	0.00015422975535203	0.0263245012017695	1.29964263070243	13209	ENSG00000137804	NUSAP1
16802653	2.32634602776739	5.15902462461818	8.17319527601278	6.35821560453343e-06	0.00678469703196888	4.23994012214515	13681	ENSG00000187720	THSD4
16805161	1.36324428577471	3.98851367058348	4.71504712595375	0.00068399539143245	0.0591276016149384	-0.129063474374975	13761	ENSG00000176463	SLCO3A1
16805474	1.2707099413574	7.60374369535084	5.22903575387394	0.000308258591004015	0.0383363676708117	0.638195413040711	13508	ENSG00000140450	ARRDC4
16806093	-1.65421709048166	5.90688091550225	-7.18060176284369	2.08568943082849e-05	0.0101122687273821	3.16939687258485	14057	ENSG00000254585	MAGEL2
16806097	-0.980442123970348	4.42296391671433	-5.3460041639419	0.000258478875918732	0.0350087138258513	0.806951368810897	14244	ENSG00000182636	NDN
16807268	1.34731865954458	4.31669191880303	4.93121702322826	0.000486959262885933	0.0496297793709569	0.198663747314135	14440	ENSG00000150667	FSIP1
16808778	0.942184540907302	2.08391795492477	4.17290963720148	0.00164982680599958	0.0911298812035284	-0.9812105868283	14239	ENSG00000259235	AC066612.1
16809587	0.810939657420157	8.46474584649644	4.934488798566	0.000484486097591256	0.0495657428404217	0.203568412485317	14065	ENSG00000137876	RSL24D1
16809610	1.14093017733249	6.31521835928778	7.12213144258719	2.24478993989943e-05	0.0105615420707197	3.10205226055283	14064	ENSG00000261771	DNAAF4-CCPG1
16809687	1.07421260978178	6.68080821503014	4.36781579501409	0.00119671437308123	0.0774903755951311	-0.670114972495119	14158	ENSG00000069869	NEDD4
16810884	-1.61788021289159	2.92663762045432	-4.39926795180995	0.00113681938852151	0.0758079147945243	-0.620394396621659	14506	ENSG00000238311	SNORD13E
16813413	1.33801663958014	4.57388054913549	5.1335435245023	0.000356442141892919	0.0407589061540413	0.498798474354686	14846	ENSG00000258761	AC116903.1
16813900	-1.09245687037909	5.76372203435164	-7.0820958081067	2.36123628130019e-05	0.0105615420707197	3.05565371537237	14804	ENSG00000131876	SNRPA1
16815828	0.944851554262008	3.71038215489422	4.23395996496503	0.00149117374902968	0.0870892632436945	-0.883226098392703	14990	ENSG00000179583	CIITA
16815914	-0.803150386629217	6.34840306102927	-4.40895925342975	0.00111900521282796	0.0753223347886251	-0.605101818705998	15027	ENSG00000184602	SNN
16817666	-0.686915880226913	6.87231097248818	-4.12127954935174	0.0017977691132147	0.0954643935134676	-1.064446325175	15152	ENSG00000103495	MAZ
16817692	1.36600363336234	4.2558546363107	7.12516394530284	2.2362249817395e-05	0.0105615420707197	3.10555721443797	15137	ENSG00000013364	MVP
16818610	1.04520796866558	6.27929119014912	4.72314201597504	0.000675267733157817	0.0589215151405078	-0.116662165632754	15577	ENSG00000166123	GPT2
16819064	1.26167246838776	6.85880986404161	5.53302149150599	0.000195831168451559	0.0297497423919676	1.07219170505621	15504	ENSG00000087245	MMP2
16819202	-2.49845698100645	8.58781831532357	-5.37700175443593	0.000246772239099281	0.034028391438142	0.851304224858836	15333	ENSG00000087250	MT3
16819325	2.33429757483849	7.57524907995476	10.0613699167409	8.72081534612113e-07	0.00293983630686494	5.94124785637802	15444	ENSG00000051108	HERPUD1
16819666	1.51827203151863	5.74583322417791	6.40235824862131	5.74517044993729e-05	0.0168595554589651	2.23137566928625	15348	ENSG00000103021	CCDC113
16820953	-0.746617856020062	6.88048128399314	-4.0868996029043	0.001903922412122	0.0987501091087278	-1.12005583294901	15524	ENSG00000140829	DHX38
16821239	-0.809375166982726	7.0392289805262	-4.69946043883477	0.000701137560734573	0.0595761103714914	-0.152970045278839	15420	ENSG00000166451	CENPN
16821377	1.46655516994828	4.33505598398643	4.40286362015389	0.00113017545464375	0.075617779319304	-0.614719010904166	15418	ENSG00000140945	CDH13
16825012	-0.760451558856435	5.56681495642677	-4.13905000228914	0.0017453428212462	0.0941533849566837	-1.03575986697825	16049	ENSG00000103404	USP31
16825371	2.79879716367539	5.5908938299794	12.7495501293824	8.29551671056765e-08	0.000921823794876803	7.77354262843117	15983	ENSG00000176046	NUPR1
16825543	-0.800538331870851	4.14874265285615	-4.68147472198424	0.000721483192802838	0.059743808742639	-0.180601701315137	15684	ENSG00000238045	AC009133.1
16827123	1.12149977245153	5.87505874397516	5.45685441661234	0.000219137054391055	0.0315991854206825	0.964847765820927	16522	ENSG00000183723	CMTM4
16827679	1.22168106348443	6.55433348516331	4.53123035107419	0.000917834690488106	0.0673284092175306	-0.41330397939384	16434	ENSG00000181019	NQO1
16827764	1.37358460549178	9.04415088537521	8.18171357146414	6.29666536783143e-06	0.00678469703196888	4.24855816609669	16444	ENSG00000090861	AARS
16828292	0.723654786368414	8.64645069790512	4.30831480475996	0.00131926525446575	0.0815687328001051	-0.764548185881062	16524	ENSG00000090863	GLG1
16828577	-1.4871738873897	6.50733245117353	-4.55668978413348	0.000880957171903945	0.0662281825367968	-0.373637973520057	16294	ENSG00000178573	MAF
16829085	3.07475119560841	9.25399916795162	5.48249235336657	0.000210978601082649	0.0310645659991538	1.00108446973489	16559	ENSG00000103257	SLC7A5
16829139	-1.46458376453914	6.39543674736174	-4.93943034625339	0.000480775912433715	0.049488853460177	0.21097303398363	16467	ENSG00000167508	MVD
16829302	0.936578999791405	6.36176730531839	4.68535449302922	0.000717042251187442	0.0596436651284804	-0.174637050323727	16323	ENSG00000167522	ANKRD11
16829570	1.62886483223525	4.42189143769783	6.23829183769346	7.18445987743527e-05	0.0185585643348225	2.02180573483221	16518	ENSG00000132386	SERPINF1
16830173	-1.57524469207184	6.41368513556692	-6.30237358592624	6.58092384187302e-05	0.0177546956617758	2.10416235810888	16479	ENSG00000129195	PIMREG
16831306	2.56079868467222	4.97175339413122	5.56197837291815	0.000187676446241069	0.0288005863878381	1.11275546090722	16624	ENSG00000125430	HS3ST3B1
16831523	1.48027992604919	1.52382556584346	4.34458324033792	0.00124307921118544	0.0790607831387787	-0.70692948111843	16684	ENSG00000252446	RNU6-405P
16832231	-1.20308402513863	7.52798631092101	-5.06351163061312	0.000396830333981737	0.0432428729414496	0.395644183360429	17196	ENSG00000264215	AC126365.1
16832768	0.960072586259167	6.84048042488708	4.88539435319869	0.000523036902464024	0.0514637545147984	0.129796285544393	17011	ENSG00000108582	CPD
16833204	2.63668477151634	8.50587064674542	5.81757073815021	0.000129593314489398	0.0244363987517336	1.46492788799363	17105	ENSG00000108691	CCL2
16833327	3.77455741731845	5.33545619489034	12.5344804437742	9.84758018670475e-08	0.000921823794876803	7.64763621568166	16922	ENSG00000166750	SLFN5
16834409	1.85462127384049	4.59819206124527	8.13148626545296	6.66911804122644e-06	0.00678469703196888	4.19760842964104	17137	ENSG00000108797	CNTNAP1
16835374	1.15263985661218	8.55707878111412	6.52993280629468	4.84030162238984e-05	0.0156860451566215	2.39143472457971	17235	ENSG00000082641	NFE2L1
16835447	0.652377815951295	4.7922866088792	4.2993547751058	0.0013388311211455	0.082031604994142	-0.778810196890201	16836	ENSG00000136436	CALCOCO2
16836070	0.94917117875491	3.07725752095864	4.26168477756961	0.00142447977950588	0.0849457157639746	-0.838888620122806	16744	ENSG00000201340	RF00019
16836333	1.00646493270489	5.16861590947098	4.62659340333428	0.000787507232658346	0.0631761610969994	-0.265216026806337	17238	ENSG00000121064	SCPEP1
16836824	1.62425975248324	5.89276770165574	7.9510705924848	8.21622828413543e-06	0.00704783848762735	4.01190495407477	17316	ENSG00000011028	MRC2
16837270	-0.820283986092218	9.59944597599997	-4.26366445456198	0.00141983867346461	0.0849085325640173	-0.835726604297979	17698	ENSG00000182481	KPNA2
16837348	1.42795491881752	5.87845502179873	4.42080045438007	0.00109763645874805	0.0747868229958394	-0.586434609301409	17613	ENSG00000108984	MAP2K6
16838509	0.918420360123359	5.15243940606035	4.578196950179	0.000851020516090869	0.0655991713025436	-0.340203355940994	17701	ENSG00000171298	GAA
16839104	-1.66156533230294	3.29893704359331	-5.27034058564981	0.0002896061051168	0.0375522582968118	0.69803887670875	17527	ENSG00000141568	FOXK2
16840885	-0.827071074662235	4.66468531412127	-4.21367186169015	0.00154204583536756	0.088494787842572	-0.915734618784514	17458	ENSG00000179029	TMEM107
16840902	-1.13820909152672	7.54111020792999	-5.63448241989276	0.000168804316631964	0.0272810609111388	1.21372743577958	17422	ENSG00000178999	AURKB
16841483	-0.80786236716354	6.41304865725047	-4.23376076278843	0.00149166460927354	0.0870892632436945	-0.883545027710531	17542	ENSG00000006744	ELAC2
16842266	0.969440625880972	4.56618028278524	4.82161389798155	0.000578031275465344	0.0541282822592752	0.0333973541131041	17971	ENSG00000166482	MFAP4
16842879	-1.15267168595506	5.44300485366666	-4.72256042736777	0.000675890846905825	0.0589215151405078	-0.117552824260184	18147	ENSG00000063015	SEZ6
16843049	-0.892910397091661	6.57327092972697	-4.50838116781584	0.000952315944409193	0.0685709380471894	-0.448983274285781	17972	ENSG00000141298	SSH2
16843158	-1.61856840175946	3.76394992735218	-6.03401366857461	9.53835433965117e-05	0.0211321924555424	1.75494153841709	18352	ENSG00000126861	OMG
16844137	0.8125483229248	7.67431577650198	4.06959955416845	0.00195979563716903	0.0999436025089217	-1.14809313095436	18094	ENSG00000108306	FBXL20
16844312	-1.20715724673901	10.0358214284347	-4.71242844341406	0.00068684420064043	0.0591785003212002	-0.133077397062958	18072	ENSG00000131747	TOP2A
16845384	-0.778865224068009	3.65881459198477	-4.75243176674311	0.000644658065051208	0.0579515916496462	-0.0718734931736371	17759	ENSG00000236383	LINC00854
16845777	2.37410445130002	6.05568352573673	7.24367731841329	1.92756325118703e-05	0.0099207232315709	3.24149195211912	17734	ENSG00000131095	GFAP
16845794	-1.07429081866245	6.3016153569737	-4.58287867324012	0.000844647024259724	0.0655146267103374	-0.332934228487338	18022	ENSG00000186185	KIF18B
16845826	1.20067831580071	5.85541417174644	4.56413299966859	0.000870473076947521	0.0658841771859782	-0.362059235674028	18048	ENSG00000161714	PLCD3
16846675	-1.15790346589518	6.98452536798355	-5.18756751937344	0.000328273737158088	0.0399347985559515	0.577840227062795	17750	ENSG00000108829	LRRC59
16846993	-0.716947419794273	8.53666034978195	-4.78844338739835	0.000609019243648286	0.0561373011231717	-0.0169850418943192	18748	ENSG00000136450	SRSF1
16848079	2.65733712694933	6.68496141107879	10.8210679589149	4.26794904870515e-07	0.0023796661245897	6.52077284860239	18790	ENSG00000070540	WIPI1
16848576	-0.932473682909289	4.90992723313139	-4.31570440473893	0.00130335441859592	0.0810453879548472	-0.75279403907419	18782	ENSG00000204347	BTBD17
16849400	2.0006222162331	5.70431905677934	7.45502942378559	1.48512466122887e-05	0.00968011872214851	3.47892924154004	18432	ENSG00000184557	SOCS3
16849667	-0.773380861217467	7.28301793914931	-4.18262556790952	0.00162344040858492	0.090626397489183	-0.965584638564019	18728	ENSG00000141543	EIF4A3
16849982	-1.08463136564547	6.61780005844126	-5.4569513733794	0.000219105575813164	0.0315991854206825	0.964985004569134	18656	ENSG00000183684	ALYREF
16850063	-0.937207916073273	6.12108189198532	-4.60593864134678	0.000813979947919049	0.0642306380495755	-0.297176999563445	18561	ENSG00000169689	CENPX
16850107	-1.512020598223	6.27824742785991	-7.25766696338154	1.89427124989725e-05	0.00990171099907229	3.25740457676468	18566	ENSG00000169710	FASN
16850892	3.1332577870176	5.31519628524191	8.92386663075301	2.77483296272918e-06	0.00546054481971424	4.96491217385493	18486	ENSG00000207092	RF00019
16851950	-1.80288568620037	3.91141396065996	-4.13251610645866	0.00176443081663627	0.0945949816342145	-1.04630282329254	18869	ENSG00000283514	MIR3975
16852008	1.7404431532785	4.42689063518122	6.32993639751058	6.33824892716261e-05	0.0175775760012286	2.13938733022134	18983	ENSG00000075643	MOCOS
16852666	-0.698587761393618	8.43983245760749	-4.5862962403845	0.000840026263482721	0.0655146267103374	-0.327629940058529	19131	ENSG00000166562	SEC11C
16852683	2.1219931244779	5.03287567722727	6.62216686691043	4.28186684477711e-05	0.0148183752666533	2.5055913222058	19163	ENSG00000141682	PMAIP1
16852789	-0.715922824385041	9.04980316783412	-4.70010481094111	0.000700419971395983	0.0595761103714914	-0.151980992950745	19095	ENSG00000081913	PHLPP1
16853631	0.86627329895794	6.46864119261656	4.72002621652792	0.000678613092731924	0.0589215151405078	-0.121434372627155	19150	ENSG00000082397	EPB41L3
16854466	0.87550420855118	3.25028900528096	4.94571646147177	0.000476099624105218	0.049158755632148	0.220386892089207	19162	ENSG00000134762	DSC3
16854801	-0.893357506260565	4.57779913016871	-4.13060687740131	0.0017700495064965	0.0947443779045342	-1.04938452014511	18966	ENSG00000283615	MIR924
16855196	2.83179791161502	4.89070414621205	6.44273301584003	5.44060347272299e-05	0.0163972926645473	2.28230391801424	19152	ENSG00000167306	MYO5B
16855491	0.886824670348377	9.64582985702311	4.6905570022528	0.000711132469222798	0.0595761103714914	-0.166642410178929	18918	ENSG00000134440	NARS
16855545	2.50904265293179	3.48497114786963	4.37325715436291	0.00118611983420584	0.0774903755951311	-0.661503290054358	18987	ENSG00000198796	ALPK2
16856099	-1.26894351331123	2.06184527036222	-4.49029589659105	0.000980573737996296	0.0694786577531165	-0.477277049089535	19356	ENSG00000265843	LINC01029
16856699	-0.785005873933122	7.04262595064063	-4.61474756269662	0.000802576832233654	0.0639271555846302	-0.283538435513994	19614	ENSG00000104885	DOT1L
16857913	-0.792756161418794	9.75302017784677	-4.71125749824311	0.000688122096758142	0.0591785003212002	-0.134872559821347	19495	ENSG00000099783	HNRNPM
16858137	1.42837515152697	3.14681814106813	4.85821626069891	0.000545762218888486	0.0524412771523654	0.0887957681254132	19550	ENSG00000090339	ICAM1
16858210	0.704833989613372	8.5297193068797	4.28843685764208	0.00136308447736726	0.0829102329197167	-0.796203243816617	19492	ENSG00000129353	SLC44A2
16858386	-1.12177117807232	6.51915066980869	-4.15367252430771	0.0017034029396459	0.0928104917637034	-1.01218464248795	19528	ENSG00000130164	LDLR
16858519	0.955054808659763	4.54035464300478	4.28423455663968	0.00137254197037589	0.0833339729164335	-0.802902077866123	19305	ENSG00000197044	ZNF441
16858774	-0.731462485939227	10.2463524899672	-4.58957394368849	0.00083561962316289	0.0655146267103374	-0.322544343389021	19605	ENSG00000179218	CALR
16858830	-1.0492281255171	5.94152368850882	-4.8153052342272	0.000583793925971508	0.0544017882993059	0.0238281968681795	19418	ENSG00000160888	IER2
16859788	1.66456904319035	5.71688632964827	5.14047000895415	0.00035269152182041	0.0407589061540413	0.508958534232779	19694	ENSG00000130517	PGPEP1
16859795	1.71718326551307	5.45562554840619	6.69917560046865	3.86853239217263e-05	0.0145413351289599	2.59990741072306	19669	ENSG00000130513	GDF15
16860644	1.36370856673081	7.81622173827051	5.66562712455288	0.000161328544536141	0.0267669143340779	1.25684013711369	20164	ENSG00000153879	CEBPG
16862078	-1.28610238265361	6.65625668047034	-4.67540850243141	0.000728485084591682	0.0599993443603865	-0.189932266975578	19993	ENSG00000090932	DLL3
16862188	0.912872094144546	7.4572919828068	4.94754970212466	0.000474744950656736	0.049158755632148	0.223131122134728	19899	ENSG00000105223	PLD3
16862333	-0.781485568665371	9.11258107023084	-4.95945963532418	0.000466042897424756	0.0488746052992094	0.240946622673224	19988	ENSG00000077312	SNRPA
16862784	1.05820903092417	1.92066828663488	4.4073003629172	0.00112203359273443	0.0753745217095132	-0.607718566097351	19919	ENSG00000227606	AC005392.1
16863041	1.41033297238527	5.08795761165768	8.01290862872314	7.64623818848358e-06	0.00678469703196888	4.07603337763678	20036	ENSG00000069399	BCL3
16863515	0.733019778900545	5.38231617873361	4.22723875246583	0.00150782953014322	0.0876240844657923	-0.893989849258016	19888	ENSG00000181027	FKRP
16863877	1.05624247112469	6.56402908899556	4.33029347836647	0.00127253023298524	0.0804749081555542	-0.729609891493846	20205	ENSG00000087074	PPP1R15A
16866041	0.993152171667241	4.91045551671978	4.41519271693967	0.00110770228625103	0.0750263225373633	-0.59527254657467	20386	ENSG00000105136	ZNF419
16866951	-0.770188160641688	6.58753223130987	-4.46028765409802	0.00102942395631159	0.0720127728229596	-0.52432729033923	20862	ENSG00000176619	LMNB2
16869624	-1.0150050350273	7.8265537183227	-5.60640301371735	0.000175861374574928	0.0276209691315945	1.17472368613025	20843	ENSG00000123136	DDX39A
16870640	-0.905300103076732	4.72857092698024	-4.22566169329976	0.00151176577650786	0.0876240844657923	-0.896516300486101	20566	ENSG00000105717	PBX4
16871202	0.979726392263156	6.64969382874227	6.07077592479024	9.06030051907907e-05	0.0203425029238437	1.80345557639074	21327	ENSG00000131941	RHPN2
16871467	1.91997977320181	4.87534449548362	4.48359364329588	0.000991268708780239	0.0699618214842492	-0.487774418715198	21270	ENSG00000004776	HSPB6
16871893	-0.904376630860354	4.88641524510258	-4.7188782088878	0.00067985008800849	0.0589215151405078	-0.123193049399319	20980	ENSG00000011332	DPF1
16872648	-0.978014754336455	5.45840149178391	-4.54086460614315	0.000903692041984306	0.0668852070189004	-0.398282638416102	21424	ENSG00000105409	ATP1A3
16873160	-0.739843340683776	7.14889376127815	-4.4037031028649	0.00112863017313184	0.075617779319304	-0.613394235315948	21071	ENSG00000062370	ZNF112
16873168	-1.02386405750877	4.54746448495623	-4.82971136161032	0.000570722629088661	0.0536318955998092	0.045670833634583	21054	ENSG00000267508	ZNF285
16873632	2.71769543107195	7.03741004209735	8.86004023384016	2.97115795893968e-06	0.00552206213102045	4.90590368302813	21107	ENSG00000105281	SLC1A5
16874265	2.06283731905726	5.42629495130135	8.09682464061298	6.9399892080296e-06	0.00678469703196888	4.16225904269579	21040	ENSG00000265407	MIR4324
16877007	0.854923155124581	6.41359003294009	4.34789300236313	0.0012363604106527	0.0789335900343041	-0.70168027681744	21800	ENSG00000172059	KLF11
16880712	1.47636898585724	6.879800905742	6.19907676419861	7.58283758718335e-05	0.0189310633314651	1.97108845285764	22270	ENSG00000115902	SLC1A4
16881660	2.08703977589581	6.88376987384849	8.23669616181086	5.91454105824962e-06	0.00678469703196888	4.30396183866571	22449	ENSG00000065911	MTHFD2
16882285	1.52636705996161	5.85948502131205	5.65331684772813	0.000164240343474922	0.0269650493104824	1.23981809640663	22561	ENSG00000168899	VAMP5
16882975	-0.929616929211545	6.67045758054162	-6.32769210975015	6.35764541205433e-05	0.0175775760012286	2.13652360456127	22407	ENSG00000121152	NCAPH
16884732	-0.690313647763744	3.73165920106985	-4.18367683553654	0.00162061198162671	0.090626397489183	-0.963894627000677	22261	ENSG00000184492	FOXD4L1
16885135	-0.960112385360956	4.85804318926612	-4.17011211766374	0.00165750718288705	0.0912010613426044	-0.985712013845338	22396	ENSG00000163083	INHBB
16886246	-0.963155952844519	6.03850293145724	-4.09173797272097	0.00188859567604832	0.0982598440847909	-1.11222102869731	22925	ENSG00000238057	ZEB2-AS1
16886625	-1.88230964940839	3.67656695023117	-5.74592459068975	0.000143636319543318	0.0255596246489476	1.36727161336426	22813	ENSG00000144278	GALNT13
16887062	0.95875970202636	2.16043671074152	4.17159934032565	0.0016534194805039	0.0911298812035284	-0.983318832785213	22749	ENSG00000136531	SCN2A
16887702	1.09135825033311	8.18596409168865	6.15668483655413	8.04024217198286e-05	0.0194623455628085	1.91598935517758	22929	ENSG00000091409	ITGA6
16887921	0.761123350080827	2.68139896909718	4.3572448048546	0.00121758149890542	0.0781089340195453	-0.686856657283946	22890	ENSG00000170178	HOXD12
16889879	1.42757788686627	5.68819470587056	6.0599034418806	9.19895826066405e-05	0.020516129976817	1.78912990180988	22684	ENSG00000118257	NRP2
16891840	1.15049201236363	2.94436828828202	5.13071549287651	0.000357985638812018	0.0407589061540413	0.494648000925419	23230	ENSG00000225963	AC009950.1
16892032	-0.86003895688106	6.52547472007284	-4.67414749162014	0.00072994957717096	0.0599993443603865	-0.191872544504354	23047	ENSG00000204128	C2orf72
16892745	2.16416770937436	4.13359100516255	7.21284841917749	2.00317336474107e-05	0.0100102839221767	3.20632621861745	23061	ENSG00000280744	LINC01173
16892750	0.861048231374462	6.37537614218466	4.54351626978498	0.000899839918714835	0.0668852070189004	-0.394150639192469	23113	ENSG00000130147	SH3BP4
16894283	-0.982975922105189	6.89648942609359	-4.2418357256675	0.00147190179573896	0.08682121707229	-0.87062090996361	23224	ENSG00000143797	MBOAT2
16897450	-2.56673753394112	5.6950687631398	-7.82712758184881	9.50162126629076e-06	0.00764071571697334	3.88185071899036	23789	ENSG00000179915	NRXN1
16897834	2.69816146250324	6.28496193858631	9.86704479879967	1.05452369469658e-06	0.00293983630686494	5.78409282611153	23579	ENSG00000115380	EFEMP1
16898326	-0.699980656062092	7.85979275150146	-4.2093211234214	0.00155318997819612	0.0887342117762056	-0.922712966472782	23813	ENSG00000197329	PELI1
16901347	-1.08332785856156	6.87098395820226	-6.31725071836075	6.4487263095369e-05	0.0176832532753481	2.12318995321229	24044	ENSG00000229743	LINC01159
16903186	1.86341154208079	4.0713807893903	9.87224441832786	1.04913551997333e-06	0.00293983630686494	5.78834730926405	24180	ENSG00000168702	LRP1B
16903537	0.982725108924861	3.59691591162788	4.15044206569605	0.00171257687468176	0.092919800989501	-1.01739065219049	24027	ENSG00000123609	NMI
16904388	-1.29459063089047	6.17528081804998	-4.76852672116261	0.00062846483328631	0.057287908808611	-0.0473173019072419	24197	ENSG00000184611	KCNH7
16904410	0.95655847610487	5.77320877107201	4.41443112057996	0.00110907680638872	0.0750263225373633	-0.596473182140797	24014	ENSG00000182263	FIGN
16904425	-1.50342612787226	4.5352386303538	-4.9049570692649	0.000507300134339481	0.0506815642932067	0.159237349140198	24196	ENSG00000115290	GRB14
16905475	0.855177650353047	6.82238129834826	5.39372435678435	0.000240692112748024	0.0336908533049054	0.875167441607957	24610	ENSG00000116044	NFE2L2
16908037	1.09089433491592	6.72417017240816	6.47633648967439	5.20031191283653e-05	0.0161700072916521	2.32449804184058	24269	ENSG00000115414	FN1
16909319	-1.22187388887203	7.25094005254128	-4.72965438688044	0.000668331653183317	0.0589215151405078	-0.106692464468601	24580	ENSG00000187957	DNER
16910341	-1.05841133951769	4.804617924074	-5.47793592243093	0.000212404569444627	0.0310645659991538	0.994652156526529	24351	ENSG00000115687	PASK
16911917	-0.931438500280541	7.83963473861968	-4.44330514315179	0.00105819768334095	0.0729161367054993	-0.551011161398829	24794	ENSG00000173404	INSM1
16912011	1.01491474706335	3.85944284483317	5.1328949278836	0.000356795511011029	0.0407589061540413	0.497846694093395	24751	ENSG00000234435	LINC01432
16913441	-1.60724662225539	9.32489893934525	-5.16888003287563	0.000337740399746933	0.0406430479609133	0.550551524928829	24961	ENSG00000053438	NNAT
16913681	-1.81698476754063	4.97773199153232	-5.93303705636344	0.000109957229557025	0.0220705930878436	1.62057599334634	25043	ENSG00000101447	FAM83D
16913806	-0.883815003484147	5.51687887578482	-4.33054718312017	0.0012720010148027	0.0804749081555542	-0.729206973808946	24881	ENSG00000124181	PLCG1
16913985	1.19033913330763	5.73760983895393	4.18190160107857	0.00162539123852184	0.090626397489183	-0.966748565457941	24932	ENSG00000124191	TOX2
16914536	1.05092132683243	4.47682836457416	4.72058544723279	0.000678011374174896	0.0589215151405078	-0.12057773797107	24800	ENSG00000255438	AL354813.1
16914733	1.04523343983836	9.87416572014336	6.57509775734274	4.55766808883941e-05	0.0153721973632843	2.44749776427907	25016	ENSG00000177410	ZFAS1
16914812	1.31315133274934	5.19676584062046	4.09945324837539	0.00186442166633378	0.0976728655484707	-1.09973353607604	24987	ENSG00000172216	CEBPB
16916682	1.05305028763729	4.77708013170214	5.42649272676115	0.000229235306980584	0.0324950761005443	0.921797281261632	25507	ENSG00000088836	SLC4A11
16917545	-1.11365387867917	6.30473974701601	-4.08202589578886	0.00191949246829251	0.0989313047164692	-1.12795073505181	25240	ENSG00000179766	ATP8B5P
16919769	-0.691182440897603	7.16489305854257	-4.62362125292886	0.000791259983847754	0.0631761610969994	-0.269811208416514	25232	ENSG00000124160	NCOA5
16919879	1.03690207789792	4.00515355000448	4.37503608692367	0.00118267758195138	0.0774903755951311	-0.658688777769031	25251	ENSG00000158296	SLC13A3
16920671	1.22595477356442	4.44426737668827	4.69405751397292	0.000707185010103173	0.0595761103714914	-0.161265503003464	25805	ENSG00000124225	PMEPA1
16922200	-1.41744070362081	6.55315368333921	-6.22562288593316	7.31065285338916e-05	0.0186695099662047	2.00544735694908	25714	ENSG00000205927	OLIG2
16922212	-1.53260167809183	5.841206303595	-5.40199599220881	0.000237743750562295	0.0334179808038278	0.886954431622058	25581	ENSG00000184221	OLIG1
16922443	1.53381343949411	2.56566769076409	4.84513743735407	0.000557068300756449	0.0527936627011509	0.0690244558688482	25757	ENSG00000159212	CLIC6
16922475	-1.09167893867368	3.99470165877657	-4.26752245137548	0.00141083955528681	0.084888896551376	-0.829565957519591	26018	ENSG00000200213	RNU6-992P
16924709	0.846247770141358	4.85242369387104	4.78832789045647	0.000609130158059165	0.0561373011231717	-0.0171607640541147	25992	ENSG00000156253	RWDD2B
16926011	0.73893501858615	5.46293013800484	4.36878470477328	0.00119482062171351	0.0774903755951311	-0.66858124336256	26538	ENSG00000173276	ZBTB21
16927025	-1.68852124118162	5.44132140132662	-4.91307943633952	0.000500914199181476	0.0506271408441604	0.171443667623898	26167	ENSG00000206739	RF00019
16927594	-1.28702334275489	3.81045754963661	-6.2663618663698	6.91309468535416e-05	0.0182102889451841	2.05796023388482	26233	ENSG00000206140	TMEM191C
16927633	-0.92376997244975	5.46265496469331	-4.6341729911984	0.000778021645632151	0.062717918392718	-0.253503318111904	26346	ENSG00000128228	SDF2L1
16928550	-0.918047798003628	5.27883527919106	-5.25319210041716	0.000297200186775333	0.0378325985100789	0.673226949657041	26456	ENSG00000261188	Z95115.1
16929615	2.08027250554438	4.6894497668296	7.30683688036137	1.78208311377506e-05	0.00990171099907229	3.31311113866345	26264	ENSG00000221963	APOL6
16931000	-1.49598979501396	4.10528042754856	-4.54187925318139	0.000902215997709555	0.0668852070189004	-0.396701426877861	26862	ENSG00000100344	PNPLA3
16931384	-1.17415279741938	6.18404202924774	-6.10398184606303	8.65048954054766e-05	0.0196866310945225	1.84709158322473	26581	ENSG00000075218	GTSE1
16931709	1.66697371284683	4.30287810374221	5.25583654057525	0.000296015449792288	0.0378325985100789	0.677056234251736	26638	ENSG00000128165	ADM2
16932463	-0.675050174563811	4.95839067865738	-4.16208416580376	0.00167975568644557	0.0919387115786487	-0.998635129343048	26608	ENSG00000040608	RTN4R
16933406	1.13400235662368	6.61145298952524	4.30503138975762	0.00132640015075199	0.0815687328001051	-0.769773263079502	26759	ENSG00000206028	Z99774.1
16937137	1.48264604488944	4.92607975799612	7.41590844352567	1.5579497997872e-05	0.00968011872214851	3.43545623944012	27158	ENSG00000071282	LMCD1
16937645	-1.19148672407361	6.82825203573469	-5.35846930938089	0.000253701767246086	0.0346421996793901	0.824805709482376	27439	ENSG00000157103	SLC6A1
16937766	-0.670773477917438	5.75138060318771	-4.13631186695863	0.00175331554382295	0.094159613750949	-1.04017741558329	27062	ENSG00000154743	TSEN2
16938102	0.772637450655898	7.85440946314947	4.48917992874914	0.000982346060776712	0.0694786577531165	-0.4790244811502	27373	ENSG00000144597	EAF1
16938296	-1.05774260410225	7.75803255952248	-4.84862644274864	0.000554028186063601	0.0527936627011509	0.0743013863320563	27425	ENSG00000231304	SGO1-AS1
16940208	0.690907307527375	3.27440162928082	4.21927722046338	0.00152781133803538	0.0881231043148891	-0.906747547707874	27259	ENSG00000268324	LRRC2-AS1
16941167	-0.982386811487754	6.3809330472096	-4.41385252479675	0.00111012224714518	0.0750263225373633	-0.597385376720196	27801	ENSG00000145050	MANF
16942743	-0.972359750597564	7.59801584240633	-4.51991910597657	0.00093473699230362	0.0678323022571048	-0.430957197321738	27551	ENSG00000185008	ROBO2
16943393	1.02537574125673	1.52685994058655	4.50786249323337	0.000953114311949036	0.0685709380471894	-0.449794066850568	27615	ENSG00000201642	RNU6-865P
16943467	0.994541356971602	4.53408908270428	4.55673238989984	0.000880896782817255	0.0662281825367968	-0.373571672543752	27630	ENSG00000144802	NFKBIZ
16946341	-1.12806469346086	4.83823014337116	-5.7616841579651	0.000140413629229746	0.0251197730066947	1.38882338856229	27572	ENSG00000155893	PXYLP1
16946900	-1.16298439144848	7.20668722824031	-4.35547674912547	0.00122110876105166	0.0781089340195453	-0.689658296563882	28098	ENSG00000196428	TSC22D2
16947974	0.787879897368902	7.07620335219267	4.49963869331561	0.000965867310162047	0.0690430021242759	-0.462654696599397	28101	ENSG00000075420	FNDC3B
16948465	0.919885596864329	4.8766440235504	4.6058720526242	0.000814066794195612	0.0642306380495755	-0.297280140394006	28120	ENSG00000242512	LINC01206
16949679	-1.39310213217901	4.78055164162793	-4.7523105712226	0.000644781659045339	0.0579515916496462	-0.0720585517801542	28191	ENSG00000127252	HRASLS
16950396	-0.913646753001054	1.68590736167694	-4.24986857779335	0.00145251402464542	0.0863097765195166	-0.857772688405779	28203	ENSG00000224884	AC034187.1
16950766	-1.46984245723585	4.7793494239546	-4.355924025221	0.00122021543520895	0.0781089340195453	-0.688949507790825	28323	ENSG00000232287	SLC6A1-AS1
16951306	1.4579724865814	5.05484479545099	7.62392447478151	1.2102685035413e-05	0.00869382107747926	3.66416613627459	28242	ENSG00000131378	RFTN1
16951455	0.906506541368795	2.93502164795884	4.50221868363004	0.000961847190036126	0.0689028605898684	-0.458618980679733	28327	ENSG00000163576	EFHB
16951485	-1.45079589457964	7.58014649568777	-6.21944687238635	7.37302972734233e-05	0.0186861618559477	1.99746360530976	28317	ENSG00000129810	SGO1
16952769	1.60832505769178	3.81083810469732	7.07994171747171	2.36768316165485e-05	0.0105615420707197	3.05315064561478	28735	ENSG00000163814	CDCP1
16955645	0.890382991508482	3.61740041810613	5.094417328625	0.00037843863178962	0.0422009532929664	0.441263127810232	28651	ENSG00000189283	FHIT
16956285	-0.964936173207451	6.11056842177671	-4.91451006533643	0.000499798255374321	0.0506271408441604	0.173592556301641	28428	ENSG00000121440	PDZRN3
16956569	1.02391407648633	6.22726535051214	4.19490219263201	0.00159072977479723	0.0897407654065204	-0.945857635655343	28420	ENSG00000184500	PROS1
16958963	-0.707093367034195	7.67463390412638	-4.11672960604293	0.00181145523115209	0.0958867457325348	-1.07179750484812	28885	ENSG00000184897	H1FX
16959805	0.886418590860707	5.57635734689851	4.54372459831254	0.000899538009237234	0.0668852070189004	-0.393826051125878	28805	ENSG00000114115	RBP1
16960114	0.925036596449162	7.37094069939819	4.31769420663519	0.00129910458614123	0.080931554608508	-0.749630255547149	29104	ENSG00000152952	PLOD2
16960642	-1.44011068269533	4.90525693944029	-4.65201420026518	0.000756166364631239	0.0614682571235734	-0.225967112029601	28863	ENSG00000243069	ARHGEF26-AS1
16960844	-2.03345905755992	5.10858973285765	-8.03639438133459	7.44107160098481e-06	0.00678469703196888	4.10025785068255	28991	ENSG00000197415	VEPH1
16961933	-1.30074780507698	5.129310836655	-5.11789972196325	0.000365069712585835	0.0412602775839409	0.47582336978714	28897	ENSG00000241231	AC022294.1
16962022	2.68878829134787	3.88260901190692	9.98851885927934	9.36118226482633e-07	0.00293983630686494	5.88277404295289	28846	ENSG00000078081	LAMP3
16962272	-0.796465207005171	7.23623116471411	-4.28983259051984	0.00135995844446748	0.0828707646652368	-0.793978847010514	29182	ENSG00000187068	C3orf70
16962493	-0.678624964582197	6.26448720805034	-4.38062806761939	0.00117192519274668	0.0773285708050244	-0.64984435926319	29192	ENSG00000163918	RFC4
16962584	0.960723332693197	6.96193791139826	4.08217218914626	0.00191902317356403	0.0989313047164692	-1.12771371298111	29074	ENSG00000113916	BCL6
16962754	-1.22988834154734	6.16673032583406	-4.96858224381943	0.000459491716363996	0.0483391065384941	0.25457765962573	29090	ENSG00000180611	MB21D2
16963094	-1.21218694966209	5.11247638129786	-6.02813934147042	9.6172115722417e-05	0.0211667234169588	1.74716941340927	28835	ENSG00000229325	ACAP2-IT1
16963646	-1.01206169883732	8.55830577547129	-4.44835931269705	0.00104954698198688	0.0727942847494229	-0.543065493451321	29825	ENSG00000278130	AL591424.3
16964200	0.784858150952794	4.51851736412828	4.5683061243138	0.000864652616212334	0.0658163156861218	-0.355571027688637	29856	ENSG00000087266	SH3BP2
16966419	0.782642362515306	2.21881532257388	4.14541887539044	0.00172694461947733	0.093484150970865	-1.02548832532111	29809	ENSG00000285454	AC111006.1
16967682	1.59858598390325	5.1454390404596	4.30937480781967	0.00131697046078519	0.0815687328001051	-0.762861655924755	29358	ENSG00000210839	RNU6ATAC5P
16968122	1.28049914314053	4.1323689730484	5.28920773672437	0.000281488547331079	0.0367848354000543	0.725282970526066	29780	ENSG00000138759	FRAS1
16968529	0.832517486465907	7.78130808301548	4.76357531275714	0.00063340021921355	0.0575808992760057	-0.054867496809778	30126	ENSG00000163629	PTPN13
16970404	1.05650001040344	7.35721676664487	5.47717470152006	0.000212643797865912	0.0310645659991538	0.993577214232857	30118	ENSG00000138685	FGF2
16970563	-0.870474917715893	6.39640896161387	-4.44673486725709	0.00105231924127218	0.0727942847494229	-0.54561889226301	30144	ENSG00000142731	PLK4
16970762	-1.86684080328708	6.86454270497611	-6.6740562646068	3.99844077816753e-05	0.0147009250957165	2.56924183859545	30369	ENSG00000138650	PCDH10
16970824	1.07188632291609	3.56867724756813	5.01606537437241	0.00042693256715762	0.04548599395443	0.325315956687882	30367	ENSG00000250033	SLC7A11-AS1
16971588	-1.38383256417666	7.78865001547424	-8.07738838204305	7.09705824813222e-06	0.00678469703196888	4.14236920426301	30092	ENSG00000121210	TMEM131L
16972155	-1.21548897873239	8.51397779336238	-5.05982456434173	0.000399086944683898	0.0433475800242049	0.390191709437568	30125	ENSG00000052802	MSMO1
16972342	0.97309069903295	3.27070763305799	5.1595346658878	0.000342582862319121	0.0406563360703881	0.536883884086429	30044	ENSG00000249955	AC084866.1
16972425	-0.937638019084978	6.69155513631256	-5.19780576312888	0.000323207084805379	0.0396820035155781	0.592767120771645	30160	ENSG00000164105	SAP30
16974588	0.83962088367737	5.49020475642113	4.07584959464037	0.00193941517225505	0.0995110355408289	-1.13795983895117	30765	ENSG00000169762	TAPT1
16974898	-1.89588737271687	4.27614346409969	-4.53915513982682	0.000906184618586036	0.0669216340622014	-0.400946985054413	30467	ENSG00000207697	MIR573
16975084	-0.78573015116958	5.36076645161329	-4.22263542644182	0.00151934932716969	0.0877863771867616	-0.901365292808564	30751	ENSG00000047365	ARAP2
16975506	-1.15435641936792	5.44149988697333	-4.27503044657029	0.00139349743515625	0.084148128512125	-0.817582475298305	30613	ENSG00000124406	ATP8A1
16976029	1.98590499395357	5.36930553835128	4.27782725037271	0.00138709456770468	0.0840649667898415	-0.813120425798906	30547	ENSG00000128052	KDR
16976117	-1.40927268777943	6.46010616908606	-5.66437396052258	0.000161622427676324	0.0267669143340779	1.25510844228487	30612	ENSG00000109255	NMU
16977045	0.832134869513116	1.93910811607921	4.08118196058086	0.00192220207047603	0.0989313047164692	-1.12931811550153	30737	ENSG00000138755	CXCL9
16979917	2.6832478290942	8.13406285945448	6.78887046310859	3.44040848140946e-05	0.0133831889926828	2.70862660379346	31475	ENSG00000151012	SLC7A11
16981516	-0.933370573135154	5.03164599313673	-4.56897683366378	0.00086372097543513	0.0658163156861218	-0.354528473323171	31240	ENSG00000272870	AC097534.2
16982870	2.21755427235272	4.61526699525943	5.55078209168337	0.000190785759770938	0.0291440493487533	1.09708740032975	31713	ENSG00000145536	ADAMTS16
16982959	-0.705045331834911	7.13177197478825	-4.16527428143743	0.00167087749133777	0.0916353042544488	-0.993498814854386	31913	ENSG00000112941	PAPD7
16983800	0.953521539662287	8.53655726019754	5.9274223060304	0.000110834568026476	0.0220705930878436	1.61305680767815	31929	ENSG00000113407	TARS
16984244	2.12912901642059	5.56819943722415	9.20462001306699	2.06344671693472e-06	0.00460203643122227	5.21893009298135	31754	ENSG00000145623	OSMR
16984394	0.92375382081245	6.11243595699841	4.35606830339379	0.00121992742080299	0.0781089340195453	-0.688720879148963	31773	ENSG00000198865	CCDC152
16984809	2.30152497361134	5.66723558118298	7.3572383867055	1.67447300701463e-05	0.00968011872214851	3.36985561109502	31935	ENSG00000164294	GPX8
16986249	-1.50459725979969	7.88359611670231	-6.30798510739997	6.53072217276577e-05	0.0177546956617758	2.11134347170975	31908	ENSG00000113161	HMGCR
16986581	1.77700527977269	3.25533697605558	5.37878557894264	0.000246115946397636	0.034028391438142	0.853851896795449	31647	ENSG00000206592	RF00425
16986777	1.59698771060159	6.2821507168135	4.57881600118719	0.000850174868417316	0.0655991713025436	-0.339241995082149	31952	ENSG00000113319	RASGRF2
16987528	0.975610334782853	4.97075353899134	4.0950910148148	0.001878049724355	0.0980160303877883	-1.10679309841257	32296	ENSG00000248734	AC008906.1
16987766	-1.01819232389551	6.40421965138938	-6.16832199502271	7.91180817851019e-05	0.0194618846179324	1.93114310479921	32382	ENSG00000181751	C5orf30
16987970	-0.878563938463988	6.42156547495871	-4.77092672295715	0.000626087230441889	0.0572271098557457	-0.04365898610392	32291	ENSG00000246859	STARD4-AS1
16988021	-0.806831314210575	7.37239892566841	-5.08786627402381	0.000382260200724853	0.0423448104471829	0.431605974901419	32377	ENSG00000134982	APC
16988085	0.929782811773817	2.15606386437784	4.19299510806522	0.00159576553744839	0.0898733001511758	-0.948920814036192	32064	ENSG00000251741	RNU4ATAC13P
16988703	-1.00848311623956	9.10850205777244	-6.13713510937207	8.26105419357566e-05	0.0194623455628085	1.89048369330015	32076	ENSG00000113368	LMNB1
16989636	-1.09060668410417	6.35730951836178	-4.11072742362526	0.00182967640665716	0.0965457326629471	-1.08149892683256	32187	ENSG00000112984	KIF20A
16989736	-1.83172107400921	9.17495372270804	-4.12852322156748	0.00177620286815388	0.0947979719990508	-1.05274827801932	32350	ENSG00000120738	EGR1
16990389	-0.933238282272549	5.23755534491726	-5.30979289558801	0.00027290693327323	0.0360740511436303	0.754942612737078	32283	ENSG00000164620	RELL2
16992954	1.20999131822975	3.35894833891533	4.22581941851563	0.00151137161983875	0.0876240844657923	-0.89626360984561	32737	ENSG00000251666	ZNF346-IT1
16995715	0.964037124868903	8.10469189354582	4.72869470651509	0.000669349028997261	0.0589215151405078	-0.108161222556758	32585	ENSG00000145592	RPL37
16995890	-1.74410721912703	8.85517152344748	-6.67088334182881	4.01518035843425e-05	0.0147009250957165	2.56536152557907	32635	ENSG00000112972	HMGCS1
16996545	-0.985074066671404	6.91946940392469	-4.36410544499103	0.00120399550842128	0.0777576558662656	-0.675989443461944	33063	ENSG00000035499	DEPDC1B
16996771	0.920988698919921	7.08766789024259	5.652519516831	0.000164430862059497	0.0269650493104824	1.23871474325136	33254	ENSG00000197860	SGTB
16997155	1.10863757045602	6.05526112646454	6.65840700554756	4.08173581761411e-05	0.0147009250957165	2.55008878213785	33059	ENSG00000164331	ANKRA2
16997176	0.797689357217562	1.92377276997687	4.18569109766459	0.0016152070215308	0.0905111150725146	-0.960656906092085	32962	ENSG00000238913	RNU7-196P
16997537	1.14096970814177	2.88060737952558	4.57283017119316	0.000858388991290845	0.0658163156861218	-0.348540100927146	32989	ENSG00000132837	DMGDH
16997659	-1.01956145795233	3.39488855963433	-4.12834908447327	0.0017767181336583	0.0947979719990508	-1.05302942136523	32983	ENSG00000251221	LINC01337
16997816	1.3020001436901	4.68655095961606	5.96219274361163	0.000105519272182412	0.0220705930878436	1.6595396740516	33153	ENSG00000164176	EDIL3
16998339	0.77186218411768	1.51857496776703	4.83508904971136	0.000565922843154266	0.0534028706850001	0.0538163141735151	33182	ENSG00000249746	AC099509.1
16998810	-1.76255932784296	6.0489163476385	-8.47015376647476	4.54962022255851e-06	0.00678469703196888	4.53496652964176	33178	ENSG00000164211	STARD4
16998848	-1.26090647589842	4.3222032987332	-5.9924050126599	0.00010112182455505	0.0218815250880512	1.69977191380328	32954	ENSG00000253057	RN7SKP57
16999011	-0.793539223349846	7.61671495188772	-4.37661877317278	0.00117962388584045	0.0774903755951311	-0.656185121753291	33025	ENSG00000145780	FEM1C
16999245	0.986957843906393	5.8551562796236	4.20048137209002	0.00157609292236086	0.0893671400417969	-0.936898988064609	32964	ENSG00000168938	PPIC
16999712	0.824975142459976	4.92389326223082	4.17157383115537	0.0016534895047092	0.0911298812035284	-0.983359878783781	33085	ENSG00000072682	P4HA2
17001005	1.03879040561838	5.69566205769796	4.49679370179645	0.000970320857560716	0.0692134626201198	-0.467106047061121	33467	ENSG00000156453	PCDH1
17001299	0.92962206571286	7.99517542570327	4.23625014091813	0.00148554259376948	0.0870392057084425	-0.879559823651047	33670	ENSG00000113657	DPYSL3
17001654	2.27376085920532	4.49594604362985	10.3752513075495	6.45713377049929e-07	0.00270021191447854	6.18725817899673	33391	ENSG00000019582	CD74
17002194	1.29952211612464	5.17551216295651	5.41461501912496	0.000233319588324021	0.0329344873746489	0.904915151111509	33542	ENSG00000135074	ADAM19
17002898	3.04773769008008	4.90731903589909	7.33350673495164	1.7242429212361e-05	0.00977674960797162	3.34318230531727	33588	ENSG00000113739	STC2
17004450	0.936386711192482	2.29169947610843	5.26233160484465	0.000293126838552856	0.0378325985100789	0.686456657117763	33435	ENSG00000234817	AL136309.2
17004674	0.828953474635981	2.31071944057613	4.43466219092188	0.00107316506603469	0.0737200495259231	-0.56460713109091	33456	ENSG00000232234	AL355499.1
17005473	-2.36825970419563	6.06672857607627	-5.8317401569555	0.000126993841157403	0.0241389316027259	1.48414346928798	34191	ENSG00000079689	SCGN
17005603	-1.3474543826152	8.98172132490268	-6.81526702738452	3.32432835364047e-05	0.0131339347552827	2.74039085606187	34143	ENSG00000278588	HIST1H2BI
17005865	-0.921234933879091	10.7728092893895	-4.87410668884759	0.000532351265388034	0.0517859306299835	0.112781769068875	34242	ENSG00000273703	HIST1H2BM
17006142	0.854078691551438	4.58329795119707	4.56840855025499	0.000864510274234365	0.0658163156861218	-0.355411811970358	34090	ENSG00000206503	HLA-A
17007673	1.16451637137157	7.09482989836842	4.20155189820068	0.00157330057759859	0.0893671400417969	-0.935180472246216	34103	ENSG00000065060	UHRF1BP1
17009093	1.52359969225632	6.588775716891	8.37807083115842	5.04233112885811e-06	0.00678469703196888	4.44466388583582	34539	ENSG00000112715	VEGFA
17009289	1.98311317815474	4.08765231179108	6.65491929697713	4.10055225634096e-05	0.0147009250957165	2.54581510973066	34368	ENSG00000124813	RUNX2
17009794	1.38876587007171	3.60765564976894	6.33386870850782	6.30441626163881e-05	0.0175775760012286	2.14440308391167	34624	ENSG00000151917	BEND6
17010395	0.990777790461418	1.689495928758	4.41503466785228	0.00110798738412408	0.0750263225373633	-0.595521699896064	35056	ENSG00000224583	AL356277.2
17010544	1.79956911134125	6.02094422794916	6.38074007729388	5.91571791485223e-05	0.0172090806194319	2.20400251468211	34904	ENSG00000198478	SH3BGRL2
17011091	-1.40407772969805	6.43520112747251	-7.27635233995796	1.85076675883142e-05	0.00990171099907229	3.27861467690581	35063	ENSG00000172461	FUT9
17012313	1.39607914970499	5.69348720721472	6.46552608604394	5.2763487705601e-05	0.0161940341073686	2.31094307124745	34691	ENSG00000111912	NCOA7
17012859	-1.63766441486231	4.16940305436523	-4.68408605526338	0.000718490974077168	0.0596436651284804	-0.176586862058135	34877	ENSG00000171408	PDE7B
17012946	0.793867105847017	3.39976264052551	4.17297358155182	0.00164965168751608	0.0911298812035284	-0.981107707016388	34796	ENSG00000118503	TNFAIP3
17013065	-0.888949268341392	5.27959138800448	-4.09356558680323	0.0018828398369372	0.0981129655839516	-1.10926230296446	34840	ENSG00000146386	ABRACL
17013251	-0.785553432001061	7.56521486249607	-4.52402806771032	0.000928559421920094	0.0676776185205116	-0.424542285739552	34982	ENSG00000135521	LTV1
17013657	3.67504872125029	5.45745307448056	7.36831081193255	1.65178332251964e-05	0.00968011872214851	3.38227321660904	34791	ENSG00000111981	ULBP1
17013694	1.0133667384076	6.51822078499462	5.03559466599136	0.000414259074724023	0.0444186637365945	0.354306747920199	34749	ENSG00000120278	PLEKHG1
17014309	-1.69865364281301	7.67316492620271	-8.20322418391473	6.14408322250581e-06	0.00678469703196888	4.27027939389739	34971	ENSG00000120437	ACAT2
17014364	0.970966896263464	6.76574843761728	4.99381843786275	0.000441871965417749	0.0466321284892284	0.292217605848018	35015	ENSG00000197081	IGF2R
17014714	-0.819671110871135	8.36220241470328	-4.42694930679992	0.00108670973148262	0.074193443585754	-0.576748938705381	35460	ENSG00000130396	AFDN
17015114	0.846994269358216	6.9449467152939	4.38836274815927	0.00115722167863921	0.0766607802716756	-0.637618138071439	35887	ENSG00000124570	SERPINB6
17015138	1.10288141368638	5.48755300837355	4.2475132948822	0.00145817076304222	0.0864719777749701	-0.861538988089777	35192	ENSG00000222248	RNA5SP201
17016038	-0.917078161555001	3.43528198634533	-4.07087144131282	0.00195563015208685	0.0999436025089217	-1.14603061828499	35885	ENSG00000228412	AL022068.1
17016221	-1.25455433438999	6.00713457536813	-4.22479993091785	0.00151392122978502	0.0876240844657923	-0.897896982206363	35462	ENSG00000111913	RIPOR2
17016356	-1.04207417216534	7.4547472555721	-4.74928857814727	0.000647871563250065	0.0579515916496462	-0.0766736845534979	35748	ENSG00000124610	HIST1H1A
17016393	-1.08296672543855	8.04724758753224	-6.20234544809677	7.54874468443751e-05	0.0189310633314651	1.97532514578992	35853	ENSG00000124575	HIST1H1D
17016490	-1.78294461062763	4.9901285846535	-4.94724647182287	0.000474968740736797	0.049158755632148	0.222677244388555	35664	ENSG00000276368	HIST1H2AJ
17016499	-1.34459004070007	7.65605438542925	-6.75386142842697	3.60112672640822e-05	0.0136900106255978	2.6663367570394	35865	ENSG00000184357	HIST1H1B
17016506	-1.03657986762389	7.95042829807199	-4.13625020418338	0.00175349552719678	0.094159613750949	-1.04027690950879	35857	ENSG00000275126	HIST1H4L
17019484	1.29281571565211	6.01938634084388	4.92974139191689	0.000488079076135733	0.0496297793709569	0.196451105096322	36389	ENSG00000172432	GTPBP2
17021062	1.1753026802987	5.3552664412055	4.84969767994968	0.000553098296943783	0.0527936627011509	0.0759211967438311	36324	ENSG00000135338	LCA5
17021217	1.73780621022179	6.10541695740969	6.61182558571813	4.34088831270408e-05	0.0148183752666533	2.49285699635419	36162	ENSG00000065833	ME1
17021911	-1.03904827045876	4.43505846394793	-6.42370707729181	5.58191096488412e-05	0.016525420302587	2.25833638813643	36311	ENSG00000132423	COQ3
17022736	1.63258166761326	7.22597176292926	5.98953248426671	0.000101531372807479	0.0218815250880512	1.69595298044407	36110	ENSG00000074935	TUBE1
17024980	-0.967561978877353	7.14075266812744	-5.24667050449339	0.000300143514269268	0.0378325985100789	0.663778550704842	38322	ENSG00000112029	FBXO5
17025487	-1.21454992175225	6.34107987556823	-5.77903278104114	0.000136955022358206	0.0246939677477732	1.41250198940698	38110	ENSG00000270419	CAHM
17025953	-1.04453581746653	5.92794543212564	-4.62433661009438	0.00079035502699669	0.0631761610969994	-0.268705089384712	37915	ENSG00000232640	AL354892.2
17033639	0.977845980652159	2.45538199871091	5.30739337273092	0.000273892777858614	0.0360740511436303	0.751488824261333	41307	ENSG00000238226	HLA-DQB1-AS1
17037670	0.987163511015652	5.9590519083695	5.43534493562984	0.0002262408902368	0.0323183953378523	0.934364379458802	42782	ENSG00000206505	HLA-A
17043095	1.15044795647774	5.09024249578194	5.59098983992131	0.00017986821940618	0.0279696907928248	1.15325985977166	41968	ENSG00000146555	SDK1
17044199	-1.13056681346943	1.32870710019349	-4.41145966635573	0.00111445681240146	0.0751674157299967	-0.601158374748965	44409	ENSG00000221740	SNORD93
17044442	1.67671852119806	3.30134831118694	7.07991087096796	2.36777561817415e-05	0.0105615420707197	3.05311479681995	44386	ENSG00000086300	SNX10
17044800	1.4390789174311	7.36937852355312	7.08420211448713	2.35495067043068e-05	0.0105615420707197	3.05810060421209	44457	ENSG00000106105	GARS
17044905	-2.07524369319651	7.10663304007785	-5.22121000694377	0.000311934174911018	0.038649799583234	0.626826457021725	44390	ENSG00000078549	ADCYAP1R1
17045938	1.50558149345817	3.12610792735528	7.19672557503713	2.0439820123256e-05	0.0100557903294619	3.18788084560586	44435	ENSG00000179869	ABCA13
17047868	-1.82075481944129	4.67542831705663	-5.02018486694177	0.000424225439315553	0.0453419739516374	0.331436259544625	44529	ENSG00000198822	GRM3
17047946	0.911059773273698	3.65344804004708	4.87392437100511	0.000532503142724766	0.0517859306299835	0.112506789111641	44673	ENSG00000105784	RUNDC3B
17048563	-0.892824334360176	10.0849542621767	-4.08339421703689	0.00191510770572712	0.0989313047164692	-1.12573390500715	45272	ENSG00000242265	PEG10
17048676	-1.18378563795595	7.46246465318491	-5.52753405814068	0.000197418628893909	0.0297497423919676	1.06448946225684	45071	ENSG00000006377	DLX6
17049461	-0.715304508174857	6.21466629223478	-4.26512713244902	0.00141641978842889	0.0849085325640173	-0.833390692963214	45149	ENSG00000172336	POP7
17049573	-0.922713048855289	6.4622597792386	-4.23622523699848	0.00148560370836135	0.0870392057084425	-0.879599687902761	44896	ENSG00000087087	SRRT
17049676	2.43049836037245	6.1417206494339	4.77196587884574	0.000625060722423796	0.0572271098557457	-0.0420752766025645	45072	ENSG00000106366	SERPINE1
17050522	1.65793626263441	4.74025203627767	6.64134981440327	4.17465141415995e-05	0.0147009250957165	2.52917006989153	44792	ENSG00000135269	TES
17053316	0.786249612472703	3.9639099862332	4.39765379108559	0.00113981530285304	0.0758079147945243	-0.622942766839303	45275	ENSG00000127399	LRRC61
17053694	0.846724361240881	3.32511257597394	5.14175713181476	0.000351999184040485	0.0407589061540413	0.510845698125783	45510	ENSG00000241456	AC005996.1
17053892	-2.4093591495856	5.64175336238241	-7.21219516706594	2.00480965739773e-05	0.0100102839221767	3.20557959204729	45396	ENSG00000186480	INSIG1
17055390	-1.34531482644537	4.853493590074	-5.78502289435657	0.000135782053779517	0.0246939677477732	1.42066645342134	45484	ENSG00000136267	DGKB
17056426	1.04161163779556	4.62386019978702	4.44624276636147	0.00105316057328632	0.0727942847494229	-0.546392479132544	45434	ENSG00000154678	PDE1C
17056664	1.19462006788075	3.24591383618736	5.13667457582669	0.000354741494792257	0.0407589061540413	0.5033921793183	45624	ENSG00000228878	SEPT7-AS1
17057354	0.680059992788353	7.88098354241998	4.19113082591077	0.00160070440684706	0.0899999415574144	-0.951915694313443	45750	ENSG00000158604	TMED4
17057946	1.46228219929069	7.0763798526343	6.50784819143233	4.9852979040243e-05	0.015883633912498	2.3639068687912	45390	ENSG00000146733	PSPH
17059165	1.19424718120033	2.95776945883767	5.68191071854719	0.000157561220695439	0.0265366812400923	1.27931870957486	45851	ENSG00000019991	HGF
17060039	-1.67655064849422	7.77232368213723	-9.04646849682138	2.4359732426984e-06	0.00509331555382701	5.07694042228696	46334	ENSG00000231764	DLX6-AS1
17060049	-1.14804178972473	9.46571415664996	-5.91093199607443	0.000113454807152473	0.022375222237228	1.59094403941948	46333	ENSG00000105880	DLX5
17061467	-0.938509776155741	5.48497000063465	-4.69050901550961	0.000711186744220246	0.0595761103714914	-0.166716132290854	46286	ENSG00000091127	PUS7
17061662	1.69208188504407	5.98674366730763	5.70728812325755	0.000151875855679331	0.0263245012017695	1.31426547357825	46200	ENSG00000091136	LAMB1
17061759	1.07266295146851	8.1108549027263	4.6574708227724	0.00074961209447587	0.0613142371848307	-0.217554815627214	45846	ENSG00000091129	NRCAM
17061859	0.941289033750681	4.10023542768911	4.36739355804656	0.00119754062840566	0.0774903755951311	-0.670783390171777	46259	ENSG00000184903	IMMP2L
17062479	-1.03619650183911	3.20621640237562	-5.13862803871975	0.000353684824356489	0.0407589061540413	0.506257400613078	46267	ENSG00000234224	TMEM229A
17062592	0.685421116726837	5.52789597407645	4.46595658796658	0.00102000311228129	0.0716873615929795	-0.515429064033899	46145	ENSG00000179562	GCC1
17062985	1.07463166024417	5.91382508642407	5.05185974719847	0.000404008253540039	0.0437401039285711	0.378405903865642	45914	ENSG00000128567	PODXL
17065811	-1.02483523543761	5.83789277728195	-5.77730513983667	0.000137295330934591	0.0246939677477732	1.41014615839332	46726	ENSG00000079459	FDFT1
17067748	1.31105530352552	5.76412440875077	6.15204688669767	8.09204950010217e-05	0.0194623455628085	1.90994390529517	46501	ENSG00000247134	AC090204.1
17067963	2.30256979456863	7.11566203798177	7.28374413582651	1.83385474110432e-05	0.00990171099907229	3.28699145278314	46987	ENSG00000187840	EIF4EBP1
17068435	0.898384344803867	6.13114233456055	4.90468878775134	0.000507512525803319	0.0506815642932067	0.158833999500275	46865	ENSG00000070718	AP3M2
17068541	-0.690233491802994	8.05254862687737	-4.26000544353535	0.00142842923164974	0.085029664618524	-0.841571323684851	46583	ENSG00000078668	VDAC3
17069545	-1.0895752060966	5.17637861411315	-5.80360526878509	0.000132211041252579	0.0244363987517336	1.44595728904616	47339	ENSG00000179041	RRS1
17070249	-1.59396815964332	7.19159223881636	-5.1716351559249	0.000336326692734587	0.0406190367463641	0.554578243519988	47620	ENSG00000104435	STMN2
17070331	1.06213060710281	3.53558250521127	4.54868895108347	0.000892375138863307	0.0667863935023111	-0.38609316771847	47574	ENSG00000164695	CHMP4C
17071265	-0.763714764811969	4.95640020473827	-4.90183076820825	0.000509780994917673	0.0507565875118328	0.154536395192364	47471	ENSG00000104356	POP1
17072162	1.34561305274573	3.65327051099517	5.13965386115222	0.000353131272696331	0.0407589061540413	0.507761771465589	47591	ENSG00000187955	COL14A1
17072552	-1.36158699294374	7.73270751888422	-7.84097214258762	9.34782245472481e-06	0.00764071571697334	3.89647929927185	47245	ENSG00000104549	SQLE
17072723	1.83751988304368	5.02202918903418	4.99549365287602	0.000440727958364644	0.0466321284892284	0.294712655958463	47672	ENSG00000207110	RNU1-106P
17075221	1.0159166419965	5.77288261181331	4.12667442941412	0.00178168136226002	0.0949114144793737	-1.05573333483669	48158	ENSG00000061337	LZTS1
17075426	1.00754058160645	6.10393109122926	4.1613140801907	0.00168190624398078	0.0919387115786487	-0.999875215303204	47690	ENSG00000120889	TNFRSF10B
17077809	-2.06118094265004	5.78253628846528	-4.50974275161402	0.000950223479416611	0.0685709380471894	-0.446855029860762	47894	ENSG00000147571	CRH
17078539	-1.06200484047463	6.8191929808171	-5.1227764908367	0.000362356645164147	0.041092471889225	0.482989763818169	48658	ENSG00000164684	ZNF704
17080648	1.56571746585182	4.03587519242523	4.95410944369318	0.000469930961117446	0.0489795674576392	0.232946275484806	48628	ENSG00000170961	HAS2
17080897	-0.936036911755112	7.77180702357494	-5.37403607307669	0.000247867476429639	0.034028391438142	0.847067480852258	48329	ENSG00000170873	MTSS1
17081917	-1.68209084962523	4.79456848914466	-5.6806367098331	0.000157852560733496	0.0265366812400923	1.27756155618152	48549	ENSG00000198576	ARC
17083197	1.43190484164552	7.41370787905234	5.78474426238839	0.00013583637627482	0.0246939677477732	1.42028680897511	48945	ENSG00000147852	VLDLR
17084485	-1.04064415470889	5.03684503096503	-5.94618531307942	0.000107931645362156	0.0220705930878436	1.63816417792779	48891	ENSG00000237159	CNTFR-AS1
17084565	-0.829386552548597	6.22692085481447	-4.3336124046385	0.00126562530131017	0.0803419901898112	-0.724339677541765	48944	ENSG00000137094	DNAJB5
17084710	-0.81130333795424	6.36457546337071	-5.04097216677753	0.000410839812352583	0.0441936819371168	0.362278949825878	49063	ENSG00000159884	CCDC107
17085290	1.40273506735641	4.73610240080617	4.60930604459808	0.000809600824538412	0.0641810094410143	-0.291962004450001	49019	ENSG00000154529	CNTNAP3B
17086193	2.17280163767943	9.45806196359135	8.48482053044955	4.47606701003055e-06	0.00678469703196888	4.54925305115724	48976	ENSG00000135069	PSAT1
17086634	-1.09877125949366	9.02575864597858	-5.70559474265656	0.000152248329186398	0.0263245012017695	1.31193678474913	48876	ENSG00000123975	CKS2
17087191	-0.892435730045511	6.78452349797652	-4.56746855470307	0.000865817518717038	0.0658163156861218	-0.356873043077081	48924	ENSG00000130956	HABP4
17087813	-1.14246199438475	5.56114571997063	-6.14676315383142	8.15150618773818e-05	0.0194623455628085	1.90305254244559	49472	ENSG00000106701	FSD1L
17088059	0.678224110937349	5.74928218176863	4.19919619069756	0.00157945202444236	0.0894060711094664	-0.938962285181503	49223	ENSG00000206923	RNU6-432P
17088462	1.89066658575936	3.944481726024	5.78547723368402	0.000135693524855869	0.0246939677477732	1.4212854776272	49281	ENSG00000182752	PAPPA
17089003	1.33439581231042	3.29691873712185	5.34939969552102	0.000257168174664446	0.0349727809561967	0.811817408100395	49557	ENSG00000185585	OLFML2A
17090296	2.05458618867722	5.45408325536462	6.75819775215653	3.58078916635864e-05	0.0136900106255978	2.67158493267745	49480	ENSG00000130707	ASS1
17092003	1.97577493915408	4.5554090866485	5.21781877445899	0.000313541393908115	0.0387055859476091	0.621896753285972	49569	ENSG00000236404	VLDLR-AS1
17092153	0.925404066659038	7.50665757762684	4.74427535234046	0.000653031985631506	0.0581024788492458	-0.0843328551761422	49379	ENSG00000147853	AK3
17093463	-1.23818908716555	8.81931745097394	-6.3700598575663	6.00197083356877e-05	0.0173094769195008	2.19045222487679	49929	ENSG00000122756	CNTFR
17094120	1.13495763044326	3.33160384868321	4.87413120982989	0.00053233084202178	0.0517859306299835	0.112818752322189	50005	ENSG00000106714	CNTNAP3
17094389	1.99474292852602	4.80564746823499	7.4098375365825	1.56959176498097e-05	0.00968011872214851	3.42869070306851	49953	ENSG00000154529	CNTNAP3B
17095414	1.07465606539585	1.41836183670927	4.23210716966639	0.00149574581838106	0.0871754017563068	-0.886192685804925	49870	ENSG00000230303	AL353743.2
17095499	-1.02669641923705	5.06721914745366	-5.25338005468211	0.000297115815208327	0.0378325985100789	0.673499154081195	49745	ENSG00000180447	GAS1
17096018	-0.979928201273709	4.40250174087672	-4.85857792631063	0.000545453044001868	0.0524412771523654	0.0893421236270342	50135	ENSG00000282886	AL691447.3
17096285	-0.845615471948856	3.61120748582033	-4.58496913079121	0.000841817426164208	0.0655146267103374	-0.32968949726456	49788	ENSG00000136943	CTSV
17096958	1.23237890061539	5.26255076257661	4.20104333514406	0.00157462645983254	0.0893671400417969	-0.93599685021637	50064	ENSG00000260230	FRRS1L
17097383	-1.34618964121639	2.6826566191216	-5.81043756264137	0.000130923392363914	0.0244363987517336	1.45524215108591	50491	ENSG00000225684	FAM225B
17097560	1.53255409687084	5.64428841856576	4.65131771657223	0.000757007291651589	0.0614682571235734	-0.227041178134498	50480	ENSG00000106948	AKNA
17097731	2.10953199342524	4.13827464963052	6.35137441867501	6.15613258859839e-05	0.0175775760012286	2.1667026738403	50365	ENSG00000256040	PAPPA-AS1
17100614	-0.939442940739303	9.21844257004732	-4.68949498902461	0.000712334672941848	0.0595761103714914	-0.168274063846765	50512	ENSG00000278130	AL591424.3
17101543	-0.793587636615057	6.43058925799784	-4.31922733382494	0.00129584003868298	0.0808787922651129	-0.747192950322097	50548	ENSG00000205542	TMSB4X
17102230	-0.856974823787508	7.4354324004813	-4.65815629719726	0.000748792977077108	0.0613142371848307	-0.216498356643275	51325	ENSG00000101868	POLA1
17102566	1.46558756750038	4.51469053619526	4.14064336752444	0.00174072081898469	0.0940776644237701	-1.03318965539949	51191	ENSG00000147041	SYTL5
17104643	-0.799858438548195	7.11696426424865	-4.62968600277149	0.000783622311356866	0.0630175500099341	-0.260436013639159	51243	ENSG00000196338	NLGN3
17104656	-0.863024798731947	3.36352172888469	-4.60432125438874	0.000816092139214466	0.0642389327653664	-0.299682393362977	51269	ENSG00000169562	GJB1
17104768	1.10542914919011	8.64704535283282	5.60957088958426	0.000175049695442626	0.0276209691315945	1.1791304018157	50891	ENSG00000147162	OGT
17105230	1.62171666948217	2.80042275227336	6.18504469792504	7.73107855273354e-05	0.0191581853261591	1.9528816687261	51058	ENSG00000225012	AL121872.1
17105401	-0.933077817679665	6.00904661928071	-4.2018440429828	0.00157253945116811	0.0893671400417969	-0.934711517826535	50894	ENSG00000102384	CENPI
17106031	-1.266959685582	7.41600722519466	-5.06976854400325	0.000393031791843919	0.0432428729414496	0.404892047211343	51306	ENSG00000147224	PRPS1
17106493	1.51380891159053	6.01360123189634	5.06436628637052	0.000396309189288369	0.0432428729414496	0.396907750241859	51635	ENSG00000131724	IL13RA1
17106686	0.849158370758058	3.55077384805686	5.27949983171213	0.000285634720265198	0.0371814160768557	0.711271933669578	51359	ENSG00000212321	RF00012
17107907	-1.36979272201856	6.73530590845997	-4.76052186683063	0.000636464178853435	0.057702635879032	-0.0595254322670522	51588	ENSG00000147383	NSDHL
17108003	1.77795243217562	5.5797582632307	4.17396961228372	0.00164692645932682	0.0911298812035284	-0.979505264281128	51791	ENSG00000182492	BGN
17110040	1.02751892329438	8.8356002416484	5.46532945690754	0.000216403592329899	0.0314763729469759	0.976838143657592	51505	ENSG00000147027	TMEM47
17110071	0.995844221100779	5.00835342825049	4.67817153243996	0.00072528702736052	0.0599104992921453	-0.18568171393485	51677	ENSG00000101955	SRPX
17110372	1.2034778894377	4.44639739892412	4.83422724165425	0.000566689158043135	0.0534028706850001	0.0525112501745486	51415	ENSG00000231566	AC234772.2
17111008	-1.17978714693287	6.58109732086159	-6.11589205665541	8.50837116640667e-05	0.0195659229336183	1.86270014254736	51724	ENSG00000196368	NUDT11
17111769	-0.879017453076434	7.72327814761574	-4.32174727817224	0.0012904929070461	0.0808467223077161	-0.743187534422427	52454	ENSG00000181191	PJA1
17111858	3.55470932162788	6.82968158124066	12.3949501487904	1.10219859493849e-07	0.000921823794876803	7.56423257081029	52450	ENSG00000165349	SLC7A3
17112910	-0.827546269895532	9.32427958675371	-5.49308323412409	0.000207703343602767	0.030882256252831	1.01602266348025	52140	ENSG00000158164	TMSB15A
17112969	1.23697927609125	6.24634237281446	5.6262922515433	0.000170830982730834	0.0274232598345406	1.20236401992946	52154	ENSG00000133134	BEX2
17113320	-1.00826793245511	5.17000167536841	-5.72766069030796	0.00014747016232667	0.0261029989972297	1.34224499925985	52261	ENSG00000101935	AMMECR1
17114241	-1.21444259732451	5.49522366356794	-4.44267430748752	0.00105928266990114	0.0729161367054993	-0.552003152939352	51891	ENSG00000171004	HS6ST2
17114690	1.3279337879459	3.97645336521152	4.55047933816855	0.000889806617003425	0.0667434766036605	-0.38330519475265	52184	ENSG00000134595	SOX3
17114774	-1.32235687974799	5.64600093584536	-6.3420022085464	6.23505014076954e-05	0.0175775760012286	2.15476987509364	51920	ENSG00000216056	MIR891A
17115077	-0.721961157677658	7.59134521081028	-4.30505015805471	0.00132635925223436	0.0815687328001051	-0.769743391933539	52424	ENSG00000147400	CETN2
17115777	1.4030556363483	6.07392590629472	5.98147092300747	0.000102690244479705	0.0218815250880512	1.68522835425989	52265	ENSG00000155961	RAB39B
17117695	1.39275274773423	4.40323736425237	4.63978712227757	0.0007710734562254	0.0624588169602047	-0.244833329110618	53024	ENSG00000166446	CDYL2
17117864	1.09121942889229	5.5891455664431	5.10152415404077	0.000374338634675127	0.0420239083369856	0.451731855582089	52864	ENSG00000259439	LINC01833
17118444	-0.769886029541602	3.8140677039296	-4.43096667225583	0.00107963252195442	0.0740123491587361	-0.570423659328744	53535	ENSG00000235916	AC233279.1
17119698	1.83751988304368	5.02202918903418	4.99549365287602	0.000440727958364644	0.0466321284892284	0.294712655958463	54442	ENSG00000207110	RNU1-106P
17120106	2.11304686132962	6.98026315138741	7.35540352370682	1.67826533713342e-05	0.00968011872214851	3.36779615563147	53973	ENSG00000230787	PSAT1P3
17120206	-0.823961970381518	3.41703518597475	-4.24658221233717	0.00146041332704185	0.0864719777749701	-0.8630280705384	54239	ENSG00000188460	ACTBP11
17120872	-0.786764159543959	1.82555440975694	-4.8866327309099	0.000522025562950932	0.0514637545147984	0.131661755996163	54941	ENSG00000224976	PARP4P2
17121996	0.659041148000724	6.11292198410313	4.08160692937769	0.00192083713462077	0.0989313047164692	-1.12862955182877	55352	ENSG00000267575	AC006504.5
17124006	1.13143760646166	2.86487903226593	5.37734599070885	0.000246645445190907	0.034028391438142	0.851795905694675	56631	ENSG00000249740	OSMR-AS1
17124484	-0.813503013276854	5.16619185921374	-4.37785489942207	0.00117724461504525	0.0774903755951311	-0.65422993116784	56254	ENSG00000226278	PSPHP1
17124628	-1.04576611567488	2.76892619061713	-5.92915955083616	0.00011056231650705	0.0220705930878436	1.6153838382357	56548	ENSG00000227869	AC073486.1
17124950	1.79508807992903	4.58158004441664	7.81905332661168	9.59257667581994e-06	0.00764071571697334	3.87330738005964	56881	ENSG00000251470	ASNSP4
17125030	0.732332098331873	2.74871514707408	4.29390762473832	0.00135087449792057	0.0826182000976867	-0.787485908737505	56872	ENSG00000248498	ASNSP1
17125032	2.23608259099883	4.27364040443011	12.8248315324856	7.81688503592549e-08	0.000921823794876803	7.8168692626991	56875	ENSG00000248498	ASNSP1
17125178	2.6463253164622	4.52242078487661	6.23553365162382	7.21173361489484e-05	0.0185585643348225	2.01824646896643	57063	ENSG00000236404	VLDLR-AS1
17125182	2.61326325068121	4.95384016523287	5.09633204758861	0.000377329345254987	0.0422009532929664	0.444084399182358	57065	ENSG00000236404	VLDLR-AS1
17125186	1.97725005432708	3.57826560828894	6.42974220083009	5.53666603171816e-05	0.016525420302587	2.26594509698871	57064	ENSG00000236404	VLDLR-AS1
17125188	1.79212719710826	3.20441301520577	5.6426902074456	0.000166798989409476	0.027087831998566	1.22510443167994	57066	ENSG00000236404	VLDLR-AS1
17125190	1.56092567092604	3.47852525111171	4.31976456678303	0.00129469812473079	0.0808787922651129	-0.746338953905714	57067	ENSG00000236404	VLDLR-AS1
17126254	1.6172538772448	9.01559186478583	7.44061559775335	1.51152058734354e-05	0.00968011872214851	3.46293692957735	57294	ENSG00000255717	SNHG1
