Row.names	logFC	AveExpr	t	P.Value	adj.P.Val	B	X	ensembl_gene_id	external_gene_name
16657923	-1.04855628795498	5.01539999693389	-5.10161459834754	0.000374286761104736	0.0615184781266495	0.466807177651848	219	ENSG00000231050	AL109917.1
16658752	1.50289166983352	3.76341206700815	5.02394727745529	0.000421768859283447	0.0632994589142666	0.355947924523739	200	ENSG00000162444	RBP7
16659102	-0.666179565972985	7.3429391812572	-4.64606894860511	0.000763376408133873	0.0773878616900321	-0.197461920951635	166	ENSG00000011021	CLCN6
16660863	0.842450605806706	9.26255552531397	5.39886300330508	0.000238855934596266	0.0554908780276631	0.881811954281625	204	ENSG00000169504	CLIC4
16665504	-0.840029355060163	3.03400799774734	-4.59174826919867	0.000832709839362299	0.0824185649882437	-0.278888135640897	589	ENSG00000228734	AC096543.2
16666055	1.70675129326871	6.08915629140151	6.07709906923439	8.98069058596229e-05	0.040749350972938	1.77337438396389	541	ENSG00000116761	CTH
16667760	-2.34701758374298	5.74888803686047	-6.63984449304143	4.18295971057523e-05	0.0324760095932972	2.45570201620148	1298	ENSG00000170989	S1PR1
16669389	0.936986151217048	7.2770133892926	4.54989738355086	0.000890640644624129	0.0853739029376952	-0.341934465224116	1120	ENSG00000092621	PHGDH
16669796	1.07816018136861	9.21438750303794	5.25855770092657	0.000294801578091994	0.0576754130957505	0.687763662506376	1025	ENSG00000265972	TXNIP
16670499	-0.645289302602137	6.84991022788323	-4.90264902192227	0.000509130435880355	0.0684685075950048	0.180824536771227	880	ENSG00000117360	PRPF3
16671694	-0.761765851917661	6.61733812937809	-4.45584398138801	0.00103687257030554	0.090805065358643	-0.48459870567812	1587	ENSG00000231064	AC234582.1
16672126	-1.76615862341729	6.77442045806965	-10.6980912670624	4.77738116728352e-07	0.00532741698567676	6.09217925424133	1652	ENSG00000132692	BCAN
16672390	1.12722016043325	7.90853435439265	4.82143035271702	0.000578198082925174	0.0694339651903098	0.0622238355641844	1699	ENSG00000163565	IFI16
16672567	-1.00838654983614	4.77368382467106	-4.86071369679493	0.00054363102377798	0.0694339651903098	0.119721458826184	1689	ENSG00000143318	CASQ1
16672593	-0.755596051404686	3.08905013295217	-4.4504356079626	0.00104601477561215	0.0908918916969582	-0.49284300919042	1663	ENSG00000228606	AL139011.1
16673075	1.12351277483606	5.81071677232087	4.45808863979483	0.00103310295066948	0.0907124044926427	-0.481178327762059	1691	ENSG00000162733	DDR2
16674151	1.11697101597578	3.04642902492427	5.04229957489668	0.000410000397143383	0.0631780746251328	0.382233245765276	1446	ENSG00000116183	PAPPA2
16674521	0.889896515808267	4.7921842773627	5.3536128088376	0.000255551698892199	0.0562932659240221	0.819589305033608	1633	ENSG00000116260	QSOX1
16675944	-0.96588619887183	4.40863614327479	-4.70327689428111	0.000696898739914618	0.0755634491360979	-0.112207832726236	1501	ENSG00000170075	GPR37L1
16676764	1.06964428238052	4.68072608257096	5.6167214920237	0.000173232199251247	0.0503939999456628	1.17657632688603	1429	ENSG00000196352	CD55
16677612	1.23527262561489	2.00408798696747	5.04581295584665	0.000407787396529338	0.0631780746251328	0.387258991154486	1957	ENSG00000252086	RNA5SP76
16678676	0.796629012358383	3.10364948560651	4.38972970118452	0.00115464333124438	0.095612470305568	-0.58567952185685	2070	ENSG00000223393	AL118511.1
16679064	-0.938314174756676	4.51164995424827	-4.92942855455484	0.000488316829243294	0.0672235248294414	0.219694584098578	1900	ENSG00000077522	ACTN2
16679945	-0.711099324208391	6.00318729941864	-5.06376817841982	0.000396673822174162	0.0631780746251328	0.412911339857971	2195	ENSG00000241860	AL627309.5
16682989	0.916181042299402	5.35379422540559	4.42709287363167	0.00108645597805844	0.0927201486988959	-0.528475881505516	2321	ENSG00000117298	ECE1
16683237	0.763500057613417	2.94531618938521	4.53930623790065	0.000905964010803239	0.0856516005067998	-0.357932263673058	2361	ENSG00000264014	MIR4253
16683866	-1.15903466479111	3.97411400620852	-7.96914122561489	8.04506208251064e-06	0.0152993227929598	3.8753782309546	2352	ENSG00000225891	AL513365.2
16684535	-0.832768261955809	5.54651338308705	-5.49679629942687	0.000206567923528818	0.0540664417967566	1.01530190865159	2681	ENSG00000121753	ADGRB2
16687304	0.839338095391176	4.45949675052739	4.61199360117771	0.000806123623725372	0.0806394991204681	-0.248486812729777	2314	ENSG00000232993	AL445183.1
16688225	-1.68635418983397	3.92868469169132	-6.82789153651417	3.27030546536854e-05	0.0300861944011479	2.67249166164677	3093	ENSG00000248458	AL139147.1
16688370	-1.28143539302728	6.96423406765731	-4.92682363063642	0.000490301311005671	0.0672235248294414	0.215918720920799	2998	ENSG00000116745	RPE65
16688937	1.22368352902377	4.92207491412726	7.95773971980191	8.15260454677973e-06	0.0152993227929598	3.86426887601381	2945	ENSG00000117151	CTBS
16689312	1.43409975702832	4.03634818341275	7.01622127563326	2.56721816943811e-05	0.0279431202617624	2.884143651054	2927	ENSG00000117226	GBP3
16690566	0.893081777580394	8.19500381241934	4.4747175311488	0.00100562177793426	0.0900195741265373	-0.455863041803205	3167	ENSG00000134243	SORT1
16690704	0.918541866712098	5.73187958013272	5.73806227624162	0.000145273525384045	0.0485998051819783	1.3373010035616	3028	ENSG00000168679	SLC16A4
16690908	1.31729401067207	6.5150162095795	6.18477360698472	7.73397285030857e-05	0.0392018678385186	1.9078944939274	2897	ENSG00000171385	KCND3
16691403	-1.04530530324178	4.29704766784157	-5.03129890785209	0.000417012183917695	0.0631780746251328	0.366484067364338	2856	ENSG00000116815	CD58
16693348	-0.910711436132116	2.26479002558615	-5.13341543826725	0.000356511896537519	0.060850760136562	0.51191005753822	3359	ENSG00000252920	RF00322
16693996	-0.801900663489505	6.56096891430574	-5.33254775517341	0.000263743432365981	0.0562932659240221	0.79050607687442	3375	ENSG00000169231	THBS3
16694556	-0.983049249277751	7.49930669113909	-6.97746751697425	2.69736309284674e-05	0.0279431202617624	2.84103217919288	3616	ENSG00000125462	C1orf61
16696685	-1.37792187090102	5.46519882056361	-5.26544592243837	0.000291752415984856	0.0576754130957505	0.697367299582821	3657	ENSG00000252906	SCARNA3
16698421	0.999258599548758	5.25898890539806	5.23751664027694	0.00030432718610403	0.0581769239081383	0.658378862842816	3879	ENSG00000174529	TMEM81
16698466	0.794301530126714	5.75556330097785	4.71263634262209	0.000686617574463931	0.0755595537372248	-0.0983091298372676	3722	ENSG00000163545	NUAK2
16698801	1.15573214484612	3.99118863035763	5.75721278442354	0.000141320068815492	0.0485998051819783	1.36244218057551	3687	ENSG00000174059	CD34
16701035	-1.81529398188086	2.69883054371141	-6.493471197818	5.08218943067616e-05	0.0346978704518041	2.28311543420872	3777	ENSG00000233519	AL590490.1
16702330	0.723559000772575	6.36645514641238	4.34011235767659	0.00125221598160196	0.0999800320966872	-0.661961481580975	4043	ENSG00000165632	TAF3
16702547	0.984594469815196	5.67346512704756	5.86964022399643	0.000120310686346519	0.0450416718152557	1.50880506598293	3977	ENSG00000123240	OPTN
16705130	-1.38697804619383	6.32637885921323	-7.85330724302597	9.21305359954639e-06	0.0154106747559612	3.7616971004413	4453	ENSG00000165443	PHYHIPL
16705961	1.17292524345183	5.97305471740648	6.68878489434925	3.9217113483054e-05	0.0319992515722461	2.5126535721074	4381	ENSG00000168209	DDIT4
16706180	1.38385384181933	4.22326956416937	5.14176986727703	0.000351992340900775	0.060698720476776	0.523731215342204	4259	ENSG00000122861	PLAU
16707196	-1.34419257791852	3.35154944064226	-6.39030759712541	5.8395788558978e-05	0.0368598624613595	2.15942908524923	4839	ENSG00000185745	IFIT1
16708489	0.671516882036114	6.72543996462439	4.8069133004955	0.000591553824941632	0.0696825410549203	0.0409126793236911	4669	ENSG00000166171	DPCD
16709322	0.972286709006262	5.15610848143873	5.26676281421964	0.000291173301713433	0.0576754130957505	0.69920242179598	4656	ENSG00000260917	AL158212.3
16710342	0.757575633171974	3.31846313899723	4.55585434328679	0.000882142200711869	0.0850853170791006	-0.332944115766516	4576	ENSG00000199466	RF00019
16711125	-0.876415762912488	5.95103287167425	-5.20011483664324	0.000322075897471335	0.0594604605424655	0.605963015413017	4744	ENSG00000067064	IDI1
16713187	1.14267913358926	6.75534752093086	4.77060739612759	0.000626403028241729	0.0715864455200984	-0.012533077834127	5166	ENSG00000099250	NRP1
16713309	-0.759151792739209	6.58836150577395	-5.62192812404503	0.000171921471617735	0.0503939999456628	1.18352352671572	5275	ENSG00000177283	FZD8
16715699	1.37490298844184	3.36989259294278	5.9280579496664	0.000110734870401699	0.0446328235472101	1.58402522934066	5130	ENSG00000222047	C10orf55
16715793	1.22130387414679	3.7152371276228	4.97231304365639	0.000456840694841133	0.0658656324970449	0.281696439798707	5293	ENSG00000156113	KCNMA1
16716115	0.898031024235564	1.33282159356722	5.65735480537759	0.000163279100140655	0.0496272042089964	1.23067266224352	5054	ENSG00000200774	RNU6-478P
16716782	1.08454024885835	5.47049260031388	5.3259436061675	0.000266368778016087	0.0562932659240221	0.781372824364841	5148	ENSG00000107438	PDLIM1
16717688	-0.793836159861714	3.31722043271245	-4.4900034334366	0.00098103788742572	0.089671151600929	-0.432629040320643	5572	ENSG00000138136	LBX1
16718938	1.49542716546075	3.00485828303729	5.672403373797	0.000159749268766722	0.0496272042089964	1.25063707746691	5687	ENSG00000148908	RGS10
16719025	-1.37711472154835	6.82094905962259	-4.99304062634451	0.000442404203199032	0.0650009519040664	0.311555982585117	5550	ENSG00000066468	FGFR2
16719417	1.95616540489977	5.38246175807576	8.44954217685587	4.65520337007659e-06	0.0124630058433053	4.32797177717362	5407	ENSG00000148848	ADAM12
16719697	0.720070615145286	4.60973210036897	4.64057331238606	0.000770105682767762	0.0778341858347816	-0.205678883867642	5609	ENSG00000148826	NKX6-2
16720077	1.28289536748455	5.61103861381615	5.75510247332463	0.000141750039941142	0.0485998051819783	1.35967472533258	5570	ENSG00000185201	IFITM2
16720085	1.33006281301945	4.35709523411791	6.43031180443035	5.53241610386391e-05	0.0368598624613595	2.20759372090775	5571	ENSG00000185885	IFITM1
16722278	-1.28570805754305	4.08556415455704	-5.99155882957821	0.000101242284537212	0.0428729036317454	1.66514862744986	6211	ENSG00000262655	SPON1
16722978	-0.675818821612812	2.83641409279304	-5.03119847111601	0.000417076784367436	0.0631780746251328	0.3663401844281	6146	ENSG00000255193	AC100768.2
16723134	0.996087240813997	2.06216142001121	5.87088215045906	0.000120098149000966	0.0450416718152557	1.51041010191408	6043	ENSG00000249867	AC090833.1
16723614	1.13113971844114	4.60130992507833	4.50761734297485	0.000953491903489287	0.0883604380590876	-0.405900411773032	6086	ENSG00000026508	CD44
16724861	1.63531683208081	4.40021946879142	5.38420455094931	0.000244133597402193	0.0562932659240221	0.861693003572942	6229	ENSG00000149131	SERPING1
16725656	-1.71639909688891	5.0571299234901	-6.98825443705973	2.66043986211778e-05	0.0279431202617624	2.8530548868659	6109	ENSG00000204950	LRRC10B
16726081	1.49819755077255	4.09696547364032	7.13179714730544	2.21761259355715e-05	0.0264957184660218	3.01137246726047	6118	ENSG00000133321	RARRES3
16728886	0.624940562146208	6.29600142286329	4.45115261936053	0.00104479789646048	0.0908918916969582	-0.491749774326149	6654	ENSG00000256034	AP002770.1
16729336	1.20221072231899	5.89743216323891	4.57538230185847	0.000854876623724708	0.0836229314914806	-0.303510480898057	6464	ENSG00000149260	CAPN5
16730471	1.04800415380703	5.00824458751787	4.90026847800201	0.000511025550349486	0.0684685075950048	0.177363555576497	6475	ENSG00000110318	CEP126
16730522	1.01033874663627	2.77004449139647	4.4071363299177	0.00112233350987935	0.0942157781824673	-0.559003992740358	6384	ENSG00000023445	BIRC3
16730762	1.08961388640975	3.90559890363197	5.87374443469164	0.000119609837342229	0.0450416718152557	1.51410827249382	6696	ENSG00000110675	ELMOD1
16732394	-1.17877767893402	3.64004076192856	-4.81009579523386	0.000588598262799519	0.0695793861614668	0.0455875148630511	6557	ENSG00000184232	OAF
16732569	-0.878287480928535	5.76539631326756	-4.68495099796439	0.000717502761086565	0.0755634491360979	-0.139461799870446	6455	ENSG00000109929	SC5D
16732807	1.25929665095057	5.46448620986725	5.74445672739725	0.000143940478036393	0.0485998051819783	1.34570258423498	6432	ENSG00000110002	VWA5A
16737200	0.802366270927199	6.55341836810331	5.30262697453758	0.000275862300018126	0.0566177753669103	0.749068506834926	6761	ENSG00000085063	CD59
16737531	-0.770520822235262	3.4558731683236	-4.3832196314963	0.0011669769327399	0.095911069312653	-0.595667619037638	7290	ENSG00000255092	AC010768.2
16738628	-1.21802043664602	2.69287043313748	-4.88063280442313	0.000526944841360584	0.069403199696366	0.14878081428863	7235	ENSG00000198283	OR5B21
16739636	-0.884522960647987	6.1593492522318	-4.57576188792675	0.000854355513476369	0.0836229314914806	-0.302938930271009	7492	ENSG00000255717	SNHG1
16740852	-1.73864826994927	4.61823704178482	-5.46757833948722	0.000215684368685558	0.0542007590345261	0.97564423704092	7276	ENSG00000199325	RNU4-39P
16742086	1.04949543577486	6.233881315622	5.67154579461636	0.000159948221999556	0.0496272042089964	1.24950037585239	7336	ENSG00000165434	PGM2L1
16748768	0.64210153110476	5.49599476162848	4.61773982101168	0.000798741779798046	0.0802435660701617	-0.23986963859988	8376	ENSG00000023697	DERA
16748989	-1.31549080623535	4.47902062907758	-4.79495306146208	0.000602802220478461	0.0707584052066191	0.0233294515514233	8483	ENSG00000172572	PDE3A
16749158	-0.977950119491883	3.42008180486255	-4.5316898969657	0.000917154833202088	0.0864230904629859	-0.369447279873266	8468	ENSG00000257022	AC008250.1
16749242	1.22142887968376	6.04318653893398	6.62402190141372	4.27137090364403e-05	0.0324760095932972	2.4372089677582	8414	ENSG00000256482	AC023796.2
16750270	0.864379600289769	2.12302092270513	4.9310633401466	0.000487075761483089	0.0672235248294414	0.222063655726679	8208	ENSG00000257849	AC012038.2
16752834	1.05461478720628	6.95852566851519	5.35060512788117	0.000256704570080073	0.0562932659240221	0.815441335187722	8366	ENSG00000182199	SHMT2
16754729	2.12146308505084	6.05817148935765	5.84876818498053	0.000123943394398027	0.0455648606174899	1.48179215034522	8642	ENSG00000111058	ACSS3
16755327	-0.675101121443486	3.24321900742821	-4.76695609733454	0.00063002596065736	0.0715864455200984	-0.0179198396515297	8520	ENSG00000257878	AC007298.2
16756310	1.38201697467403	4.77936634033475	8.44699305872903	4.66844420744299e-06	0.0124630058433053	4.32564832383444	8571	ENSG00000166046	TCP11L2
16757657	0.63664542187942	6.25538049077464	4.87350574815799	0.000532852044124834	0.0694339651903098	0.138390779011496	8568	ENSG00000174989	FBXW8
16760953	1.04215585930019	4.44818779895452	4.41426943160663	0.00110936885130535	0.0937192564433565	-0.548085496260587	9065	ENSG00000197614	MFAP5
16761012	2.8604255638311	6.35956408006478	9.07632084936645	2.36042976237696e-06	0.0124630058433053	4.87525894982589	9351	ENSG00000175899	A2M
16762337	1.61488562319903	6.61558693149043	4.7651382582595	0.000631837924255085	0.0715864455200984	-0.0206024937241711	9303	ENSG00000060982	BCAT1
16762639	-0.764673870545116	2.68416410605762	-4.75475693830687	0.00064229171658328	0.0721552014696974	-0.0359327293295104	9135	ENSG00000248100	AC087257.1
16763182	-1.04560904317277	5.38776071996666	-5.99887160083744	0.000100206306270458	0.0428729036317454	1.67444796581987	9191	ENSG00000173208	ABCD2
16763600	0.955504226970472	4.13924213104806	4.8479811966028	0.000554589090669962	0.0694339651903098	0.101112701889511	9094	ENSG00000139211	AMIGO2
16765945	0.859766746839848	6.75422122646462	4.34071140888967	0.00125098767255607	0.0999800320966872	-0.66103836009697	9593	ENSG00000181852	RNF41
16767018	-0.905763115016668	1.51625148717504	-5.1126450736779	0.000368017140027238	0.0615184781266495	0.48247063071681	9568	ENSG00000251788	RNU5A-7P
16768105	1.29135329485899	3.56638007138165	5.05381606018564	0.000402793554046478	0.0631780746251328	0.398699485556479	9397	ENSG00000072041	SLC6A15
16769419	0.909778092702248	2.82132539827004	6.40024300983504	5.7616227359095e-05	0.0368598624613595	2.17141519078097	9446	ENSG00000120820	GLT8D2
16769622	0.830492347247183	7.01547254758679	5.04037279359398	0.00041121943573725	0.0631780746251328	0.379476199634251	9761	ENSG00000008405	CRY1
16770789	0.894351296827771	7.52109017804498	4.60530700902466	0.000814804127925729	0.0811263609988909	-0.258520663399973	9842	ENSG00000111412	C12orf49
16773759	0.886219864960077	5.78388147774054	4.75219687530359	0.000644897627770656	0.0721552014696974	-0.0397158565302735	10149	ENSG00000073910	FRY
16775136	-0.789414743291262	7.2575607579206	-4.51857903992011	0.000936761041342925	0.0875374409974476	-0.389290129911842	10411	ENSG00000118946	PCDH17
16775686	0.650089803611163	2.1380492518534	4.4146483548575	0.00110868456192799	0.0937192564433565	-0.547505696765469	10284	ENSG00000229246	LINC00377
16776021	-1.12680836416307	3.61182926949963	-4.83975111181191	0.000561796315399737	0.0694339651903098	0.0890703311213885	10110	ENSG00000207298	RNU6-83P
16777777	0.892477638095345	7.44205574268744	4.93333348241207	0.000485357889665151	0.0672235248294414	0.225352738501384	10542	ENSG00000139514	SLC7A1
16778745	0.952528213421709	6.17201967983569	6.83664109373842	3.233418158216e-05	0.0300861944011479	2.68244501311848	10816	ENSG00000174032	SLC25A30
16778938	-1.60579432157846	4.07970437848185	-5.31309512025173	0.000271556376663018	0.0564263790365502	0.763582991326565	10805	ENSG00000102468	HTR2A
16779059	0.61330066325101	5.65013046677223	4.48503266785477	0.000988962116667625	0.0900195741265373	-0.440180545708695	10803	ENSG00000102547	CAB39L
16780133	1.93493074020241	4.4059435789156	4.86597315020531	0.000539171586763387	0.0694339651903098	0.127400566350844	10744	ENSG00000184564	SLITRK6
16780929	1.12922444686715	5.38574238448413	4.76537875557241	0.000631597888628276	0.0715864455200984	-0.0202475523637515	10528	ENSG00000187498	COL4A1
16783031	0.868933440146961	1.58307618848153	4.66518693759343	0.000740445906522991	0.0756884280712302	-0.168914007634547	11035	ENSG00000212518	RNU11-5P
16783828	1.23392061350005	3.13492978129509	5.89228519880582	0.000116497670077512	0.0450416718152557	1.53803059759689	10962	ENSG00000212615	RF00151
16785629	-2.21819352371224	2.09264603333786	-4.47124483250129	0.00101129663078506	0.0900195741265373	-0.461146328808621	11057	ENSG00000199755	RF00019
16786248	-0.9015245541121	3.39617970655627	-5.33529858009604	0.00026265802688658	0.0562932659240221	0.79430819315989	11291	ENSG00000184227	ACOT1
16786255	1.34999670964629	5.01804634256963	5.0307586623165	0.000417359792316445	0.0631780746251328	0.365710106702331	10966	ENSG00000119673	ACOT2
16788250	1.11147300277054	4.77731694196367	7.64930541376238	1.17394227758273e-05	0.0178513931610239	3.55702849882815	11699	ENSG00000258749	AL110504.1
16788576	1.30214069651476	5.81084252496254	4.68020184900793	0.000722946488983658	0.0755634491360979	-0.146533313541839	11630	ENSG00000201700	SNORD113-3
16788578	1.09965254090617	4.50194984394684	4.48421724649056	0.000990268449973843	0.0900195741265373	-0.441419677124528	11601	ENSG00000225746	MEG8
16788701	1.45339410447373	3.3332787754019	4.85106057546988	0.000551917618428231	0.0694339651903098	0.105615672118343	11922	ENSG00000201318	SNORD114-30
16792343	0.982143030042586	2.89684422690832	5.69166040175041	0.000155350565550141	0.0496272042089964	1.2761294031476	12333	ENSG00000258949	AL049870.3
16793623	1.11596258930961	2.98645413224616	6.14043511400107	8.22333025547052e-05	0.0393004700523587	1.85273155574635	12258	ENSG00000100625	SIX4
16793661	0.745802464961094	2.72417586441852	4.38516369445041	0.0011632793990307	0.095911069312653	-0.592684281565594	12210	ENSG00000250548	LINC01303
16793674	-0.859264013867267	3.51443122650915	-4.66681084225952	0.000738531927816094	0.0756884280712302	-0.16649176064892	12195	ENSG00000258667	HIF1A-AS2
16796604	-0.860600485907264	1.99813721825782	-4.66175464537544	0.000744508537905103	0.0757045247023626	-0.174035044745895	12773	ENSG00000258383	AL132819.1
16798134	-1.37781311887507	5.73207693458186	-4.92894842219338	0.000488681963289249	0.0672235248294414	0.218998710815443	13157	ENSG00000224078	SNHG14
16799500	-1.01881963125411	4.66638687631775	-4.35989446247119	0.00121231545675946	0.0984388380835704	-0.631505328416241	13026	ENSG00000140323	DISP2
16799739	2.09460099888192	6.06784782375359	6.71613609710617	3.78338617089688e-05	0.031642350240296	2.54431867230429	13271	ENSG00000128965	CHAC1
16802653	1.59793922837402	5.15902462461818	6.52796858143648	4.85301255773498e-05	0.0338234754388471	2.32409650114091	13681	ENSG00000187720	THSD4
16803251	0.795627009347872	6.56047552751175	6.29026220933039	6.69068914150756e-05	0.037445227407934	2.03784762735583	13620	ENSG00000140367	UBE2Q2
16805474	1.18384319601169	7.60374369535084	5.66460460838767	0.000161568294931651	0.0496272042089964	1.24029545961855	13508	ENSG00000140450	ARRDC4
16805663	0.803410759258329	6.37682237533475	5.53208764184221	0.000196100358884222	0.0540664417967566	1.06301197592741	13829	ENSG00000183475	ASB7
16806093	-0.88045488800554	5.90688091550225	-4.44401669680091	0.00105697527026821	0.0908998732430659	-0.502633418440592	14057	ENSG00000254585	MAGEL2
16809610	0.645019145299875	6.31521835928778	4.6819175123711	0.000720974893374894	0.0755634491360979	-0.14397826895428	14064	ENSG00000261771	DNAAF4-CCPG1
16809821	-1.28403299968964	7.785184096928	-8.72598863904623	3.43421039318997e-06	0.0124630058433053	4.57517293937775	14001	ENSG00000239035	RF01210
16810562	-1.63037807454076	2.59931518260234	-6.27018032882339	6.87703668927906e-05	0.037445227407934	2.01324782744793	14503	ENSG00000206781	RF00019
16811170	-1.54299311456928	3.64100134531797	-5.33301075204532	0.000263560412295405	0.0562932659240221	0.791146107443749	14480	ENSG00000259215	AC027237.2
16811512	-0.88815620190724	5.93075279603908	-4.49375573239083	0.000975100355022114	0.0893726226764652	-0.426931085853668	15073	ENSG00000205363	C15orf59
16815828	0.968250146232517	3.71038215489422	5.04511385698609	0.000408226732192933	0.0631780746251328	0.386259121786093	14990	ENSG00000179583	CIITA
16818064	1.11750453105565	6.0395037120973	6.00020692492395	0.000100018361842579	0.0428729036317454	1.67614508613521	15496	ENSG00000150281	CTF1
16819064	1.30255895388403	6.85880986404161	6.64222150982982	4.16984838036944e-05	0.0324760095932972	2.45847681340317	15504	ENSG00000087245	MMP2
16819202	-2.05830726136302	8.58781831532357	-5.15084811002256	0.000347150067101684	0.0601738774342991	0.536563381454276	15333	ENSG00000087250	MT3
16819252	1.6349399371261	6.52095388692056	5.53997280662159	0.000193839719462161	0.0540392831240595	1.07364329773011	15471	ENSG00000198417	MT1F
16819325	0.961354916785612	7.57524907995476	4.81820068158601	0.000581141575096752	0.0694339651903098	0.0574855889233499	15444	ENSG00000051108	HERPUD1
16819716	-0.79217510388799	4.40764618642518	-5.48399150262405	0.000210511662874111	0.0541727474599271	0.997939534754879	15249	ENSG00000103037	SETD6
16820702	0.954781960875889	4.30410895891395	5.34981932010364	0.000257006687736655	0.0562932659240221	0.814357357741484	15490	ENSG00000157335	CLEC18C
16820984	1.46470077811779	4.62070099745121	5.02367529755586	0.000421945935848671	0.0632994589142666	0.355557959849204	15393	ENSG00000260664	AC004158.1
16825264	-0.749031612793505	6.1082901638614	-4.83152915737889	0.000569095381530395	0.0694339651903098	0.0770289193126494	15697	ENSG00000207266	RNU6-1241P
16825371	0.927409520264563	5.5908938299794	4.91241694441027	0.00050143186056153	0.0679986760622562	0.195016071888015	15983	ENSG00000176046	NUPR1
16825561	0.984622221568819	5.37919989073098	4.49960083234502	0.000965926436279603	0.0890195674911786	-0.418059413340783	16197	ENSG00000174938	SEZ6L2
16827123	1.30664449766261	5.87505874397516	7.39266210985396	1.60303909267629e-05	0.022345029085997	3.29126227490954	16522	ENSG00000183723	CMTM4
16827764	0.635282293029983	9.04415088537521	4.40003207540778	0.00113540404584359	0.0944870819643068	-0.569885811831259	16444	ENSG00000090861	AARS
16831102	1.03257456618492	3.9064518514894	5.51486756244301	0.000201135497966707	0.0540664417967566	1.03975840756053	16473	ENSG00000170222	ADPRM
16831306	1.97203083362609	4.97175339413122	4.98044093481066	0.000451121128455518	0.0658656324970449	0.293413652077628	16624	ENSG00000125430	HS3ST3B1
16831381	0.873107760769896	4.92446071536452	4.44423335532354	0.00105660335680766	0.0908998732430659	-0.502302860723241	16482	ENSG00000179277	MEIS3P1
16831525	-1.33361150589217	3.27471747525216	-4.95651654771782	0.000468177449451516	0.0663661372625043	0.25889311555601	16441	ENSG00000266302	AC098850.3
16832768	0.894194592317868	6.84048042488708	5.29087902125554	0.00028078123154088	0.0572759470729793	0.732757674047208	17011	ENSG00000108582	CPD
16833327	3.02850174514729	5.33545619489034	11.6941420352463	1.97504584482125e-07	0.00532741698567676	6.71841702171076	16922	ENSG00000166750	SLFN5
16834409	0.877562671489413	4.59819206124527	4.47397004876356	0.00100684042886848	0.0900195741265373	-0.457000091528263	17137	ENSG00000108797	CNTNAP1
16836697	0.99732060317051	5.5858846954195	5.51989638973024	0.0001996509881735	0.0540664417967566	1.04655435533582	17440	ENSG00000141376	BCAS3
16837915	-0.852991168681514	3.10733682007171	-5.31532164969475	0.000270649773667264	0.0564263790365502	0.766667793152021	17576	ENSG00000204323	SMIM5
16839579	-1.45313441963272	2.57317562762716	-6.34762132595455	6.18760578044398e-05	0.037445227407934	2.10775158169765	17512	ENSG00000236457	AC090617.1
16845777	2.0490418864531	6.05568352573673	7.26959715193764	1.86636917283252e-05	0.0240144285799766	3.16046632690075	17734	ENSG00000131095	GFAP
16846864	0.773233255904917	6.13178037250671	4.77072453532035	0.00062628716407142	0.0715864455200984	-0.0123602977013864	18619	ENSG00000108960	MMD
16848079	1.94412615053524	6.68496141107879	9.20551619525965	2.06152032607167e-06	0.0124630058433053	4.98233879098359	18790	ENSG00000070540	WIPI1
16849400	1.82600456235813	5.70431905677934	7.91200163175452	8.5998793240095e-06	0.0152993227929598	3.81952710644112	18432	ENSG00000184557	SOCS3
16850107	-0.779405774070394	6.27824742785991	-4.35013947920527	0.0012318217962184	0.0995008958457446	-0.646516812653358	18566	ENSG00000169710	FASN
16850892	1.99489150431665	5.31519628524191	6.60657636442193	4.37118113777016e-05	0.0324963319517696	2.4167733894099	18486	ENSG00000207092	RF00019
16852683	1.32622171668982	5.03287567722727	4.81251967353766	0.000586357694925	0.0695793861614668	0.0491469079023972	19163	ENSG00000141682	PMAIP1
16853631	0.860950745402671	6.46864119261656	5.45466425371316	0.000219849410309303	0.0544803123887957	0.958070232702822	19150	ENSG00000082397	EPB41L3
16853674	0.866799327194664	3.99698103282711	4.83025995284352	0.000570231025622495	0.0694339651903098	0.0751691404909831	19202	ENSG00000154655	L3MBTL4
16854904	0.817885330806128	2.59710968862987	4.66880147296628	0.000736192833018137	0.0756884280712302	-0.163523064321218	19207	ENSG00000152229	PSTPIP2
16855196	2.57589196476705	4.89070414621205	6.81452763586347	3.32752194907177e-05	0.0300861944011479	2.65726632512341	19152	ENSG00000167306	MYO5B
16856699	-0.898677928188597	7.04262595064063	-6.14298356268696	8.19432389844524e-05	0.0393004700523587	1.85591087559175	19614	ENSG00000104885	DOT1L
16858137	1.50110184357311	3.14681814106813	5.93669790959091	0.000109389198641565	0.0446328235472101	1.59510217749554	19550	ENSG00000090339	ICAM1
16858538	-0.808459982089046	5.44291744723628	-4.78383702256754	0.00061345943542568	0.0715075677795495	0.00696670115511466	19301	ENSG00000171295	ZNF440
16859969	-0.910133643500041	8.26371237298448	-4.58475696329504	0.000842104155576748	0.0831025145152346	-0.289401375928525	19532	ENSG00000130287	NCAN
16860920	0.912020041357053	3.89098816957862	4.54580180272918	0.000896533553819024	0.0856516005067998	-0.348118750454429	19945	ENSG00000089327	FXYD5
16863041	1.12661940352375	5.08795761165768	7.44296527709169	1.50718337811279e-05	0.021922309883211	3.34409372813631	20036	ENSG00000069399	BCL3
16863091	0.718015686528087	5.64293585171757	4.45953494704135	0.00103068169690779	0.0907124044926427	-0.47897486624269	19886	ENSG00000130202	NECTIN2
16864934	1.35047338252868	4.21971761756074	4.67160845848126	0.000732907749914826	0.0756884280712302	-0.15933796996537	20032	ENSG00000203326	ZNF525
16866562	1.05867074586989	7.69721861577193	6.26813321413049	6.89634261055726e-05	0.037445227407934	2.01073648917202	20824	ENSG00000279753	AC011558.1
16868397	0.837655321833142	6.45634078996886	5.35403371887062	0.000255390800019276	0.0562932659240221	0.820169671899621	20626	ENSG00000130818	ZNF426
16868760	-1.42371951483679	3.63260088925212	-4.69378174938619	0.000707495143825179	0.0755634491360979	-0.126322223354788	20298	ENSG00000238364	RNU7-140P
16870200	1.03117894734538	2.43821110771937	4.54258414127619	0.000901192065581719	0.0856516005067998	-0.352979191741029	20515	ENSG00000130303	BST2
16872419	-2.27833204299936	2.98905045179249	-5.7080652704248	0.000151705241113937	0.0496272042089964	1.29779710138805	21032	ENSG00000207281	RF00019
16873007	1.06815180471096	6.02143270590344	6.73734574360455	3.67972969285041e-05	0.031564532601184	2.56879322395142	21342	ENSG00000105755	ETHE1
16873218	-1.1220668804471	3.57529921145671	-5.21210107168194	0.000316271152753643	0.0592605428561258	0.622786254380492	21222	ENSG00000267114	AC011481.1
16873632	1.30618937417222	7.03741004209735	4.95155139738664	0.000471802054702061	0.0665977465738512	0.251717130389942	21107	ENSG00000105281	SLC1A5
16874265	1.11949737536923	5.42629495130135	5.1094372364961	0.000369828875130406	0.0615184781266495	0.477917531985731	21040	ENSG00000265407	MIR4324
16874313	0.628844957215938	7.8423249579375	4.4213270868883	0.0010966961090568	0.0931189635339755	-0.537289904829466	21046	ENSG00000104872	PIH1D1
16875034	0.994282765160436	5.24097996514922	4.46578612950226	0.00102028506037731	0.0902979270102184	-0.469454749190661	21158	ENSG00000196267	ZNF836
16880382	0.621335860924296	6.85015028454234	4.96259793202025	0.000463778114261589	0.0663044146773812	0.267676855479626	22157	ENSG00000115421	PAPOLG
16881660	1.32443457395299	6.88376987384849	6.07789319695709	8.97074534256056e-05	0.040749350972938	1.77437346866744	22449	ENSG00000065911	MTHFD2
16882285	1.24080238249684	5.85948502131205	5.34376308531995	0.000259347839852198	0.0562932659240221	0.805999651606818	22561	ENSG00000168899	VAMP5
16887702	0.763632087234996	8.18596409168865	5.00914946450443	0.000431518607962087	0.0644465335301949	0.334713110510042	22929	ENSG00000091409	ITGA6
16888270	1.06848951257113	2.63026658448583	4.37737790429826	0.00117816212795741	0.0963673247645167	-0.6046356057836	22872	ENSG00000115232	ITGA4
16888554	-0.905512811270077	9.4744286107666	-5.19416093703686	0.000325001234547857	0.0594604605424655	0.597597532322307	22626	ENSG00000144369	FAM171B
16889406	-1.39389140392887	2.25810507139318	-5.1020493403969	0.000374037524850713	0.0615184781266495	0.467424900483109	22723	ENSG00000252148	RNU6-1206P
16889879	0.919599615823516	5.68819470587056	4.53904939011753	0.000906339050021137	0.0856516005067998	-0.358320442764108	22684	ENSG00000118257	NRP2
16892032	-0.874451751782654	6.52547472007284	-5.52612081964495	0.000197829680869847	0.0540664417967566	1.05496016102261	23047	ENSG00000204128	C2orf72
16892745	1.2093578543591	4.13359100516255	4.68674103469093	0.000715462163509519	0.0755634491360979	-0.136797347495067	23061	ENSG00000280744	LINC01173
16892750	0.859311337063035	6.37537614218466	5.27248539320241	0.00028867089923272	0.0576754130957505	0.707173612885325	23113	ENSG00000130147	SH3BP4
16897450	-2.37293643735466	5.6950687631398	-8.41409268655949	4.84304047237905e-06	0.0124630058433053	4.295587269006	23789	ENSG00000179915	NRXN1
16897834	2.02347195653348	6.28496193858631	8.60432071909453	3.92255299869689e-06	0.0124630058433053	4.46753281550692	23579	ENSG00000115380	EFEMP1
16901347	-0.694005773097689	6.87098395820226	-4.70577892393054	0.000694134496024885	0.0755634491360979	-0.108490979655409	24044	ENSG00000229743	LINC01159
16902500	-0.968076686826504	4.1835386033177	-5.05960253403101	0.000399223268425553	0.0631780746251328	0.406964696594793	23922	ENSG00000264075	MIR4783
16903140	-0.796789424451358	8.48145219885836	-4.6923856723217	0.000709067421035227	0.0755634491360979	-0.128398673857299	24153	ENSG00000121966	CXCR4
16903475	-0.749736105731419	2.00285853871025	-4.3671806284149	0.00119795752737757	0.0977474905387543	-0.620302034028128	23865	ENSG00000207270	RNU6-601P
16903537	1.19420082054559	3.59691591162788	5.86462036267521	0.000121173864511658	0.0450416718152557	1.50231490370326	24027	ENSG00000123609	NMI
16904388	-1.4624101101415	6.17528081804998	-6.26355906206597	6.93969061783914e-05	0.037445227407934	2.00512259993416	24197	ENSG00000184611	KCNH7
16904425	-1.31003553614805	4.5352386303538	-4.96977158588924	0.000458644832271323	0.0658656324970449	0.278030434545279	24196	ENSG00000115290	GRB14
16904580	1.31233472254174	3.91421665919113	5.82163911848629	0.000128841177388682	0.0468505733517497	1.44657289548233	24228	ENSG00000123607	TTC21B
16906830	-0.850158690682041	3.83559248487977	-4.81114011940756	0.000587631810119187	0.0695793861614668	0.0471211898292765	24449	ENSG00000187944	C2orf66
16909319	-1.15310333107785	7.25094005254128	-5.19004931133202	0.000327037865122666	0.0594604605424655	0.591817072507627	24580	ENSG00000187957	DNER
16909524	-1.95723201589059	5.50213235887263	-5.16027699671251	0.000342195529553706	0.0601738774342991	0.549876670675195	24377	ENSG00000202400	SNORD82
16911792	-0.8446730990192	3.97983019892786	-4.59549656590407	0.000827718732999117	0.0821676631862091	-0.273254719599985	24909	ENSG00000273148	AL035563.1
16912376	-1.02127598969433	3.28229602745226	-5.03373083594708	0.000415451211695978	0.0631780746251328	0.369967473285548	25062	ENSG00000236559	AL117381.1
16912939	-1.40285309738947	6.14909571141914	-5.11371282855082	0.000367416179663124	0.0615184781266495	0.483985788062594	24797	ENSG00000207997	MIR644A
16913806	-1.69243084993825	5.51687887578482	-9.64256495948661	1.31834540494029e-06	0.0110259817942181	5.33088090529768	24881	ENSG00000124181	PLCG1
16913985	1.25263204713141	5.73760983895393	5.11713473031174	0.000365497248131982	0.0615184781266495	0.488840233786343	24932	ENSG00000124191	TOX2
16914536	0.92983232207806	4.47682836457416	4.85657982720597	0.000547163465228299	0.0694339651903098	0.113682620734849	24800	ENSG00000255438	AL354813.1
16917545	-1.07167054349123	6.30473974701601	-4.56758933559966	0.000865649433151221	0.0839403945989593	-0.315249428242231	25240	ENSG00000179766	ATP8B5P
16918518	0.883326077001159	1.99218008696886	4.47381392363804	0.00100709516205023	0.0900195741265373	-0.457237595422201	25530	ENSG00000236388	ITCH-AS1
16918520	-2.01270116141329	3.87803560267235	-6.57073883118037	4.58415724883855e-05	0.0333387818701401	2.37464295812002	25258	ENSG00000206582	RF00019
16919223	-1.65841006466064	4.26606279771619	-5.49580126824738	0.000206871544812142	0.0540664417967566	1.01395370475433	25372	ENSG00000235408	SNORA71B
16920671	1.38313405726996	4.44426737668827	6.15798274764173	8.02580776996041e-05	0.0393004700523587	1.87460157775607	25805	ENSG00000124225	PMEPA1
16921642	1.139342503032	4.78194144633774	4.73298695960351	0.00066481138814524	0.0736443714536783	-0.0681366277790882	26027	ENSG00000207638	MIR99A
16922292	-0.605890830891544	8.26470377959555	-4.4940705856505	0.000974603862355272	0.0893726226764652	-0.426453070713882	25616	ENSG00000159140	SON
16922443	1.29084531737703	2.56566769076409	4.74141534380445	0.000655995397948592	0.0729092028005721	-0.0556597203070792	25757	ENSG00000159212	CLIC6
16924878	0.823636015376905	6.34808634773304	4.74290719164226	0.000654447844563442	0.0729092028005721	-0.0534524516327002	26201	ENSG00000156299	TIAM1
16927025	-1.49680352487705	5.44132140132662	-5.06421680522836	0.0003964002862381	0.0631780746251328	0.413551603447058	26167	ENSG00000206739	RF00019
16927594	-0.773965483283187	3.81045754963661	-4.38178308811512	0.00116971711243984	0.095911069312653	-0.597872479057691	26233	ENSG00000206140	TMEM191C
16929615	1.38356429319218	4.6894497668296	5.6507847371025	0.000164846194469272	0.0496272042089964	1.22194448495126	26264	ENSG00000221963	APOL6
16929705	-2.16230055381582	2.94765941810051	-5.24853754850912	0.00029929772899104	0.0579246220874795	0.673779290373559	26161	ENSG00000252412	RF00019
16929738	0.711715009394292	5.75849950760024	4.69463407473876	0.000706537054769299	0.0755634491360979	-0.125054671649521	26830	ENSG00000235237	Z82188.2
16929855	0.808442790368278	7.43101147351338	5.21356905078944	0.000315567907120829	0.0592605428561258	0.6248449838235	26964	ENSG00000100097	LGALS1
16930166	1.77081780870339	4.50176926472296	6.23646532181473	7.20250861052758e-05	0.0382464639772365	1.97180056547889	26666	ENSG00000244509	APOBEC3C
16931985	-1.14094988008458	4.65018680353984	-4.99852906222199	0.000438663058668913	0.0650009519040664	0.31945063475413	26822	ENSG00000236754	AC007666.1
16933406	1.10602859954404	6.61145298952524	4.88235054147267	0.000525531495608305	0.069403199696366	0.151283748116107	26759	ENSG00000206028	Z99774.1
16936761	1.80578963302295	6.41232871141807	5.67321635487766	0.000159560905728504	0.0496272042089964	1.25171455161191	27309	ENSG00000134121	CHL1
16937137	0.82059338416275	4.92607975799612	4.7726009395419	0.000624434266664866	0.0715864455200984	-0.00959290386885048	27158	ENSG00000071282	LMCD1
16937645	-0.971614062728554	6.82825203573469	-5.08095755691359	0.000386334789279939	0.0627400196144227	0.437419574020175	27439	ENSG00000157103	SLC6A1
16938100	-1.68191570842682	2.37107651410129	-5.21510016940648	0.00031483618309391	0.0592605428561258	0.626991878496403	27098	ENSG00000201162	RNU6-454P
16938102	0.795519540283289	7.85440946314947	5.37455292931038	0.000247676228038208	0.0562932659240221	0.848426330276953	27373	ENSG00000144597	EAF1
16938989	1.45363406104613	4.61690968803478	4.55135070658711	0.000888559353636032	0.0853739029376952	-0.339740581395329	27192	ENSG00000144668	ITGA9
16943393	0.965421347752294	1.52685994058655	4.93519996859755	0.000483950278931937	0.0672235248294414	0.228056355246664	27615	ENSG00000201642	RNU6-865P
16944238	1.59844748569163	4.01215804852521	6.02078864332267	9.71687114660441e-05	0.04277213254454	1.70226601686966	27848	ENSG00000242767	ZBTB20-AS4
16950196	1.61872833391422	3.75104659428602	4.67837567709293	0.000725051329368309	0.0755634491360979	-0.149253442725994	28290	ENSG00000234661	CHL1-AS1
16950766	-1.5719898171389	4.7793494239546	-5.41700793666955	0.000232490570561172	0.0547728137151652	0.906666233620828	28323	ENSG00000232287	SLC6A1-AS1
16951306	0.973179095102816	5.05484479545099	5.91728195057089	0.000112438072603677	0.0447798009628977	1.5701923988417	28242	ENSG00000131378	RFTN1
16952769	1.32545413359255	3.81083810469732	6.78454602997122	3.45983702764436e-05	0.0304593126112669	2.62300825277733	28735	ENSG00000163814	CDCP1
16954730	0.85490769112686	5.7459441345451	5.42213533838649	0.000230724736527397	0.0547728137151652	0.913679555445682	28637	ENSG00000247596	TWF2
16956314	-2.1977347334652	4.38107720357751	-4.56869906962069	0.000864106671910424	0.0839403945989593	-0.313577206405968	28543	ENSG00000239119	RNU7-119P
16956714	0.804387473959337	7.91230491876313	5.19669627430799	0.000323752109800329	0.0594604605424655	0.601160512043386	28558	ENSG00000057019	DCBLD2
16958522	-1.1471121418019	2.14570706034132	-5.24799236829488	0.000299544437769294	0.0579246220874795	0.673017942059969	28823	ENSG00000221737	MIR548I1
16959668	1.20846767658838	6.26209855798504	5.46315592354651	0.000217101145173268	0.0542007590345261	0.969629187710811	28844	ENSG00000114107	CEP70
16959805	1.36539439961409	5.57635734689851	8.13825880404835	6.61753808286754e-06	0.0147588746016167	4.03813118429058	28805	ENSG00000114115	RBP1
16960114	1.15587176404462	7.37094069939819	6.27339821711199	6.84680637698719e-05	0.037445227407934	2.01719406060007	29104	ENSG00000152952	PLOD2
16960844	-1.42460128221493	5.10858973285765	-6.54665379466006	4.73353159443886e-05	0.0336926736085867	2.34621460407309	28991	ENSG00000197415	VEPH1
16962022	1.91724181140472	3.88260901190692	8.28174038906187	5.62014500651268e-06	0.0134297379319911	4.17327263896994	28846	ENSG00000078081	LAMP3
16962493	-0.58123450655222	6.26448720805034	-4.36272837062453	0.00120670967974317	0.0982220574844961	-0.627146957732511	29192	ENSG00000163918	RFC4
16962969	-1.01221509371821	4.8253858849674	-5.80791358361832	0.000131397507761398	0.0472663680069873	1.42870753735292	28820	ENSG00000145014	TMEM44
16963094	-0.949592904091907	5.11247638129786	-5.49099912191191	0.000208343555854338	0.0540664417967566	1.00744476616642	28835	ENSG00000229325	ACAP2-IT1
16967682	1.54341867312391	5.1454390404596	4.83795977464068	0.00056337810419608	0.0694339651903098	0.086447770528852	29358	ENSG00000210839	RNU6ATAC5P
16967690	0.953812959382256	3.93956823987502	5.57822356605387	0.000183260646720538	0.0516990100431687	1.1250675617554	29273	ENSG00000221639	RF00334
16968878	-1.08641835766785	3.59454154044155	-5.27034198054213	0.000289605495853165	0.0576754130957505	0.704188615929771	30146	ENSG00000138722	MMRN1
16969686	1.00827121436713	7.5964028613916	4.55557180659516	0.00088254334388856	0.0850853170791006	-0.333370401940943	30218	ENSG00000005059	MCUB
16970762	-1.43716173748721	6.86454270497611	-5.97431971751825	0.000103730090216204	0.043377330476161	1.64319139650715	30369	ENSG00000138650	PCDH10
16971588	-0.664380435583424	7.78865001547424	-4.50925182211687	0.000950977375430345	0.0883604380590876	-0.403422522211025	30092	ENSG00000121210	TMEM131L
16972342	0.73047463589914	3.27070763305799	4.50362881340588	0.000959657382168884	0.0886861272460714	-0.411948773742392	30044	ENSG00000249955	AC084866.1
16973556	0.673800783494133	3.46843371817283	4.78572688890734	0.00061163362147996	0.0715075677795495	0.00974997424644286	30886	ENSG00000244459	AC147067.1
16974534	0.880292005743212	6.66640125001793	4.40044663443554	0.00113463695640334	0.0944870819643068	-0.569250613440517	30891	ENSG00000007062	PROM1
16975333	0.965262409573777	6.53695151124301	5.15185964520278	0.000346614914843018	0.0601738774342991	0.537992345428106	30847	ENSG00000163683	SMIM14
16975890	1.18953080805183	7.90894838854002	4.61092539020866	0.000807503802396031	0.0806394991204681	-0.250089295272157	30856	ENSG00000145247	OCIAD2
16978959	0.7966858116456	5.91626669298456	4.51006058255814	0.00094973573766931	0.0883604380590876	-0.402196582132567	31331	ENSG00000138794	CASP6
16980045	0.999721748111328	3.28465293354655	5.76053292387698	0.00014064641336515	0.0485998051819783	1.36679469500522	31227	ENSG00000196951	SCOC-AS1
16981054	-1.26564851432174	4.81449955348297	-5.11469583425234	0.000366863838701837	0.0615184781266495	0.485380517979404	31204	ENSG00000168843	FSTL5
16982870	1.83435631512839	4.61526699525943	5.33904836809793	0.000261186099975649	0.0562932659240221	0.799489007280195	31713	ENSG00000145536	ADAMTS16
16984244	1.67657542851632	5.56819943722415	8.42805222359667	4.76811259627705e-06	0.0124630058433053	4.30835871244761	31754	ENSG00000145623	OSMR
16984809	1.32137375967721	5.66723558118298	4.91162328647711	0.00050205275863506	0.0679986760622562	0.193863569729714	31935	ENSG00000164294	GPX8
16985229	0.860570301826763	4.66389102199741	5.1749036792622	0.000334657692034629	0.0601738774342991	0.570499798589809	31789	ENSG00000186479	RGS7BP
16986249	-0.900860107463248	7.88359611670231	-4.39165265510247	0.00115102646432908	0.0955494772646772	-0.582730415158609	31908	ENSG00000113161	HMGCR
16986777	1.30310996793628	6.2821507168135	4.34443115799512	0.00124338885694609	0.099751392854375	-0.655307492119326	31952	ENSG00000113319	RASGRF2
16987359	0.722512734790155	5.57385781383166	4.41175955353242	0.00111391260573538	0.0938660763533286	-0.551926457617991	32398	ENSG00000212259	RNU6-308P
16987844	0.772449589729781	6.06372468596905	4.42218328818147	0.0010951690912895	0.0931189635339755	-0.535980737628504	32330	ENSG00000112893	MAN2A1
16987970	-0.697395084588339	6.42156547495871	-4.40360635907781	0.00112880814146971	0.094407868911819	-0.564410032705127	32291	ENSG00000246859	STARD4-AS1
16990483	-0.896066909696629	4.29749688021305	-4.45369770310973	0.00104049050044608	0.0908839926943165	-0.487869880011242	32358	ENSG00000145819	ARHGAP26
16991149	-0.796227931653712	4.38356004752968	-4.62834753112146	0.000785301212668475	0.0791309240018409	-0.2239755770974	32369	ENSG00000070614	NDST1
16994818	0.743614594955687	1.3475093152004	5.86886362890623	0.000120443793267201	0.0450416718152557	1.50780128278551	32518	ENSG00000201016	RNU6-374P
16995715	0.884264535494029	8.10469189354582	5.04347601534061	0.000409257969127784	0.0631780746251328	0.383916321959532	32585	ENSG00000145592	RPL37
16995890	-1.05096077872639	8.85517152344748	-4.67408827332741	0.000730018427474429	0.0756884280712302	-0.155641705457874	32635	ENSG00000112972	HMGCS1
16996771	0.766186789628076	7.08766789024259	5.46792645105994	0.000215573265458024	0.0542007590345261	0.976117573798561	33254	ENSG00000197860	SGTB
16997155	0.68070316432708	6.05526112646454	4.75377640743375	0.000643288491310296	0.0721552014696974	-0.0373815828741257	33059	ENSG00000164331	ANKRA2
16997176	1.0179348387208	1.92377276997687	6.21088646140469	7.46043291013667e-05	0.038997081652455	1.94023205389052	32962	ENSG00000238913	RNU7-196P
16997799	-0.615507778257147	8.03975157214001	-4.46716767907358	0.00101800225568439	0.0902979270102184	-0.467351537536198	33134	ENSG00000249835	VCAN-AS1
16997816	0.970427885477476	4.68655095961606	5.16723820073214	0.000338585853980634	0.0601738774342991	0.559696175477195	33153	ENSG00000164176	EDIL3
16997919	-1.04273967559916	7.89215283572643	-6.99263039280954	2.64561642214746e-05	0.0279431202617624	2.85792713972815	32866	ENSG00000207129	RNA5SP187
16997928	-1.63493647982979	4.51241680843308	-4.82111994722303	0.000578480297821383	0.0694339651903098	0.0617685131160526	33195	ENSG00000271904	AC091826.2
16998532	1.32046228245712	5.7709285088084	4.45871403948706	0.00103205523987822	0.0907124044926427	-0.480225487430994	33225	ENSG00000113532	ST8SIA4
16998682	-1.00235369327564	6.40648071737835	-4.69868589802026	0.000702001136235759	0.0755634491360979	-0.119030498077384	33249	ENSG00000184349	EFNA5
16998810	-0.960362556787501	6.0489163476385	-5.36639955106916	0.000250711541185702	0.0562932659240221	0.837206902175521	33178	ENSG00000164211	STARD4
17001299	0.916047522378895	7.99517542570327	4.85392891865318	0.000549441467062849	0.0694339651903098	0.109808663794704	33670	ENSG00000113657	DPYSL3
17001654	2.04247123631091	4.49594604362985	10.8370236971502	4.20629773629945e-07	0.00532741698567676	6.18457754840302	33391	ENSG00000019582	CD74
17002194	1.0477667946172	5.17551216295651	5.0763174674575	0.000389097235992717	0.0628833764874414	0.430808657169723	33542	ENSG00000135074	ADAM19
17002898	1.72303777815397	4.90731903589909	4.82091133490472	0.000578670046070023	0.0694339651903098	0.061462498615251	33588	ENSG00000113739	STC2
17004002	-0.829848045574205	1.60898734485812	-4.69790465796952	0.00070287331826197	0.0755634491360979	-0.120191828728379	33304	ENSG00000174339	OR2Y1
17005281	1.11388439187486	6.60191595662503	4.71391179085118	0.000685228963857521	0.0755595537372248	-0.0964161754083444	33640	ENSG00000272168	CASC15
17005539	0.910925458975582	1.76471596191314	5.1362511215986	0.000354970991845377	0.060850760136562	0.515923728185583	34478	ENSG00000278272	HIST1H3C
17005894	0.885283958603407	4.63980149921606	4.85923119466974	0.000544895057831287	0.0694339651903098	0.1175561091334	34269	ENSG00000219891	ZSCAN12P1
17007620	0.679188450153344	7.83452902960374	4.52999197320501	0.000919669402906169	0.0864230904629859	-0.372015551657367	34516	ENSG00000137309	HMGA1
17007810	1.06059064802308	5.78419642137505	7.29806843235184	1.80155334139099e-05	0.0240144285799766	3.19092244844152	34441	ENSG00000112033	PPARD
17009289	1.3305797325736	4.08765231179108	5.19202089815675	0.000326059584088101	0.0594604605424655	0.594589242276606	34368	ENSG00000124813	RUNX2
17009794	1.03555600776971	3.60765564976894	5.49178908684627	0.000208100641905983	0.0540664417967566	1.00851576860344	34624	ENSG00000151917	BEND6
17011091	-1.04640942058937	6.43520112747251	-6.30557136934567	6.55226543113701e-05	0.037445227407934	2.05655706311966	35063	ENSG00000172461	FUT9
17011149	-1.15892752337261	4.62952256818933	-4.85860712743243	0.00054542808909935	0.0694339651903098	0.116644486974426	34976	ENSG00000271860	AL589740.1
17011980	-0.660527733909021	4.71302049846319	-4.86276581468002	0.000541886430332762	0.0694339651903098	0.122718203936328	34981	ENSG00000111834	RSPH4A
17012313	1.04833373971461	5.69348720721472	5.64538579114227	0.000166145957775082	0.0496272042089964	1.21476670267612	34691	ENSG00000111912	NCOA7
17012632	1.22813148449553	3.72085119258692	5.15556494796485	0.000344662091407492	0.0601738774342991	0.543225256359454	34876	ENSG00000197594	ENPP1
17012946	0.860334722322102	3.39976264052551	5.25854402513351	0.000294807665432335	0.0576754130957505	0.687744587669182	34796	ENSG00000118503	TNFAIP3
17013657	2.08971197227008	5.45745307448056	4.87182300764895	0.000534256966537803	0.0694339651903098	0.135936425635916	34791	ENSG00000111981	ULBP1
17016038	-0.849064241620476	3.43528198634533	-4.38249896222221	0.00116835075229407	0.095911069312653	-0.59677369109018	35885	ENSG00000228412	AL022068.1
17025487	-1.01248759841718	6.34107987556823	-5.60182755093146	0.000177040797995195	0.0506215628729167	1.15667827339436	38110	ENSG00000270419	CAHM
17037670	0.777045972572371	5.9590519083695	4.97490698648268	0.000455007047899332	0.0658656324970449	0.285437060478404	42782	ENSG00000206505	HLA-A
17044442	1.06746342271731	3.30134831118694	5.24108093741641	0.000302690845745912	0.0581769239081383	0.663361770555494	44386	ENSG00000086300	SNX10
17044800	0.866038288190832	7.36937852355312	4.95728240686195	0.000467620995261822	0.0663661372625043	0.259999629536808	44457	ENSG00000106105	GARS
17044905	-1.72897631591493	7.10663304007785	-5.0581457388774	0.000400118947369794	0.0631780746251328	0.404884379210797	44390	ENSG00000078549	ADCYAP1R1
17045938	1.22922100379758	3.12610792735528	6.83220489779151	3.25206454579671e-05	0.0300861944011479	2.67739994439938	44435	ENSG00000179869	ABCA13
17046418	-1.04206471701683	2.4390138346937	-6.12526619393088	8.39827197454431e-05	0.0395712381178036	1.83378553593107	44674	ENSG00000229881	AC091685.1
17047868	-1.74955657358792	4.67542831705663	-5.60914242491919	0.000175159243532864	0.0505153218374865	1.16645546879657	44529	ENSG00000198822	GRM3
17050050	-1.22187573068037	2.57671102055824	-4.68315621583225	0.000719554934720161	0.0755634491360979	-0.142133823682695	45076	ENSG00000242154	AC004884.2
17050522	1.16032028316628	4.74025203627767	5.40463842644077	0.000236809992673498	0.0554002901741203	0.889728913903369	44792	ENSG00000135269	TES
17050761	0.594668525622105	1.64340188207715	4.54227618733475	0.000901639253991708	0.0856516005067998	-0.353444455080662	44801	ENSG00000233969	AC004946.1
17056246	-0.945056820303306	4.405174559687	-4.57952131625186	0.000849212459487922	0.0835575106462028	-0.29727948314036	45625	ENSG00000255690	TRIL
17059087	-1.29328153925166	2.57259210782837	-5.42523994047327	0.000229662479748469	0.0547728137151652	0.917923923622419	46423	ENSG00000212482	RNU6-530P
17059165	1.38940600489543	2.95776945883767	7.68651691183683	1.12279266358733e-05	0.0178513931610239	3.59479102062185	45851	ENSG00000019991	HGF
17060961	-1.11701826219618	5.55902419786924	-5.15228516402402	0.000346390055975723	0.0601738774342991	0.538593411634833	45818	ENSG00000260097	SPDYE6
17061662	1.62305720690139	5.98674366730763	6.36564601273422	6.03800962131338e-05	0.0374065877539663	2.12960869326395	46200	ENSG00000091136	LAMB1
17062479	-0.952161010530238	3.20621640237562	-5.49054796020559	0.000208482423380809	0.0540664417967566	1.00683305242557	46267	ENSG00000234224	TMEM229A
17062592	0.67154382635502	5.52789597407645	5.08781853314275	0.000382288200201969	0.0623857046319837	0.447188140121517	46145	ENSG00000179562	GCC1
17062985	0.991600785124239	5.91382508642407	5.42036772480228	0.000231331870251232	0.0547728137151652	0.91126229048645	45914	ENSG00000128567	PODXL
17066209	-1.35431731227976	4.31992888257595	-4.83777235148955	0.000563543874734711	0.0694339651903098	0.086173348556815	47040	ENSG00000253335	AC009884.1
17067963	1.74369945082393	7.11566203798177	6.41377534944774	5.65723374894278e-05	0.0368598624613595	2.18771513917438	46987	ENSG00000187840	EIF4EBP1
17069545	-0.703032354259942	5.17637861411315	-4.35427848445969	0.00122350538979442	0.0991068990561323	-0.640145801868463	47339	ENSG00000179041	RRS1
17070331	0.967833388180261	3.53558250521127	4.81957953211704	0.000579882970491842	0.0694339651903098	0.0595087046824192	47574	ENSG00000164695	CHMP4C
17070339	0.843359332298741	2.61053977869419	4.87197120441082	0.000534133079650423	0.0694339651903098	0.136152595800676	47600	ENSG00000253334	AC132219.1
17072552	-0.702222509220602	7.73270751888422	-4.7021826899203	0.000698111266795649	0.0755634491360979	-0.113833623494176	47245	ENSG00000104549	SQLE
17072651	0.888474113866088	1.67593327786347	4.47096326016039	0.00101175823134985	0.0900195741265373	-0.4615747863638	47346	ENSG00000212451	RNU11-4P
17075221	1.03353187299312	5.77288261181331	4.88164553968994	0.000526111081852916	0.069403199696366	0.150256540182222	48158	ENSG00000061337	LZTS1
17076861	1.1692321611627	5.19730248391528	5.68317559975734	0.000157272535280888	0.0496272042089964	1.26490492904832	48011	ENSG00000221869	CEBPD
17077051	0.803394527856057	5.68773196406838	4.47383461819117	0.00100706139299667	0.0900195741265373	-0.457206113814722	48156	ENSG00000168300	PCMTD1
17077515	-0.94965729571612	4.23603363730591	-4.91816516072161	0.000496959077046996	0.0678582406674703	0.203360216868199	48172	ENSG00000201231	RNU4-50P
17077809	-2.07792993929158	5.78253628846528	-5.28648234942663	0.000282646042293821	0.0573069133266515	0.726647404449886	47894	ENSG00000147571	CRH
17080648	1.47864383111504	4.03587519242523	5.44021434454993	0.000224611499637276	0.0547728137151652	0.938373040936613	48628	ENSG00000170961	HAS2
17080897	-0.705072324540611	7.77180702357494	-4.70697081458473	0.000692821766105958	0.0755634491360979	-0.106720732994771	48329	ENSG00000170873	MTSS1
17081917	-1.10638267889404	4.79456848914466	-4.34463374290471	0.00124297640383051	0.099751392854375	-0.654995435260234	48549	ENSG00000198576	ARC
17083793	1.1792340617703	3.33452405190828	5.57584672592577	0.000183899748763588	0.0516990100431687	1.12187929338536	49094	ENSG00000178031	ADAMTSL1
17084428	0.676008830950438	6.87832948282631	4.6687136565178	0.000736295856971843	0.0756884280712302	-0.163654014872511	49184	ENSG00000165006	UBAP1
17084485	-0.74797709171038	5.03684503096503	-4.96963763350568	0.000458740131876949	0.0658656324970449	0.277837181331381	48891	ENSG00000237159	CNTFR-AS1
17085746	0.940558958780792	3.22518251061513	4.4453339753038	0.00105471616894977	0.0908998732430659	-0.500623743993718	48817	ENSG00000204711	C9orf135
17086193	1.14749139905482	9.45806196359135	5.21041427305135	0.000317081280900536	0.0592605428561258	0.620420203155387	48976	ENSG00000135069	PSAT1
17088139	1.24100962153364	6.43883883557612	7.19767942440988	2.04154297854674e-05	0.0252954736312232	3.08300465872126	49445	ENSG00000165185	KIAA1958
17088462	1.52274874217605	3.944481726024	5.41817121480793	0.000232088689833721	0.0547728137151652	0.90825776630329	49281	ENSG00000182752	PAPPA
17089003	1.49321673996774	3.29691873712185	6.96054849274025	2.75639077132229e-05	0.0279431202617624	2.82213928972025	49557	ENSG00000185585	OLFML2A
17092153	0.759380499386674	7.50665757762684	4.52687141871183	0.000924309787387682	0.0866158532976681	-0.376736837292415	49379	ENSG00000147853	AK3
17093186	0.896679966340871	6.11635920023486	6.06485482914016	9.13553333822666e-05	0.040749350972938	1.75795688730981	50111	ENSG00000086062	B4GALT1
17093463	-0.782643654376365	8.81931745097394	-4.68188610790836	0.000721010931548956	0.0755634491360979	-0.144025033747817	49929	ENSG00000122756	CNTFR
17093550	-0.646535245545794	3.27584153450887	-4.34890289928621	0.00123431792240043	0.0995008958457446	-0.648420715194209	49697	ENSG00000205108	FAM205A
17093990	1.06737428069818	2.54821163338067	5.77904895688939	0.000136951840318295	0.0485998051819783	1.39103440384997	49781	ENSG00000264922	MIR4540
17094315	-1.77122499741719	3.02049876589038	-4.82129915712531	0.000578317345753055	0.0694339651903098	0.0620313914531803	49879	ENSG00000236816	ANKRD20A7P
17094494	-2.10061085832366	4.84211523367869	-4.84998526297555	0.000552848941168228	0.0694339651903098	0.104043419046918	49749	ENSG00000275377	MIR1299
17095582	-1.09890053675162	6.09304226637588	-6.32946179685617	6.34234541799454e-05	0.037445227407934	2.08567796346627	49713	ENSG00000224945	AL353150.1
17096708	0.888604251348062	2.06857299774924	5.17939136430875	0.000332380461655101	0.0601051673741067	0.576820139889408	49913	ENSG00000270332	SMC2-AS1
17096958	1.23605018229668	5.26255076257661	4.89947160889339	0.000511661591999498	0.0684685075950048	0.176204811983766	50064	ENSG00000260230	FRRS1L
17097383	-0.962233402659996	2.6826566191216	-4.82928969566887	0.000571100796840373	0.0694339651903098	0.0737472369218057	50491	ENSG00000225684	FAM225B
17097731	1.7679985101105	4.13827464963052	6.18961632124541	7.68244397498456e-05	0.0392018678385186	1.91390000468225	50365	ENSG00000256040	PAPPA-AS1
17097797	1.131476957704	5.71779897890488	4.43413241075874	0.00107408971809303	0.091899226161341	-0.517721410856699	50300	ENSG00000078725	BRINP1
17101447	0.7240822685523	6.10658858630774	4.40639222342347	0.00112369508862332	0.0942157781824673	-0.560143415365218	50613	ENSG00000004961	HCCS
17101775	1.21506789943546	3.79645270431739	5.32455635827907	0.00026692377347415	0.0562932659240221	0.779453391960173	51305	ENSG00000126010	GRPR
17101981	-0.717767140981585	1.69424034477639	-4.93620532600661	0.000483193879948001	0.0672235248294414	0.229512385572444	50827	ENSG00000225037	EIF1AX-AS1
17102566	1.73780799916808	4.51469053619526	5.70897421284034	0.000151505951684869	0.0496272042089964	1.29899632416801	51191	ENSG00000147041	SYTL5
17105230	1.3869832232012	2.80042275227336	6.15090904148177	8.10481409137167e-05	0.0393004700523587	1.86579151826157	51058	ENSG00000225012	AL121872.1
17106493	1.52421657297313	6.01360123189634	5.9292664353291	0.000110545589508923	0.0446328235472101	1.58557532528357	51635	ENSG00000131724	IL13RA1
17107045	1.03795178014141	5.47339716927092	4.76891072449613	0.000628083773756625	0.0715864455200984	-0.0150359123373462	51577	ENSG00000165704	HPRT1
17107855	1.16331784888136	4.93553793018092	4.57068584183833	0.000861351874587551	0.0839403945989593	-0.310583878915902	51747	ENSG00000268089	GABRQ
17110058	1.07561672499164	6.30865150871513	4.78151230170111	0.000615713267640314	0.0715210821376357	0.00354221631858209	51679	ENSG00000165169	DYNLT3
17110071	1.00022290446975	5.00835342825049	5.46363608767742	0.000216946840185864	0.0542007590345261	0.970282430964315	51677	ENSG00000101955	SRPX
17110401	0.763203021555733	4.82998111025006	4.43588752408628	0.00107102963428572	0.0918723727830623	-0.515041231642074	51392	ENSG00000065923	SLC9A7
17112560	0.752318551928975	5.81429986464974	5.1615029689409	0.000341556860146186	0.0601738774342991	0.551606617690968	51915	ENSG00000186310	NAP1L3
17113110	0.810970371822116	5.12781774322687	4.99457710686652	0.000441353479864341	0.0650009519040664	0.313766579664233	52106	ENSG00000089682	RBM41
17113320	-0.706054322384167	5.17000167536841	-4.66379742820782	0.000742087774477298	0.0756884280712302	-0.170986955551193	52261	ENSG00000101935	AMMECR1
17113606	0.966508253281567	6.32598793045068	5.74500509035672	0.000143826770446604	0.0485998051819783	1.34642275258907	52055	ENSG00000125354	SEPT6
17114241	-1.2473394551734	5.49522366356794	-5.30581837448484	0.000274541923754193	0.0566177753669103	0.753495449071794	51891	ENSG00000171004	HS6ST2
17115777	1.22473875981018	6.07392590629472	6.07123160535871	9.05453822061606e-05	0.040749350972938	1.7659893674615	52265	ENSG00000155961	RAB39B
17117864	1.45383044266547	5.5891455664431	7.90317959419447	8.68915923555436e-06	0.0152993227929598	3.81086479056127	52864	ENSG00000259439	LINC01833
17120106	1.19584867961423	6.98026315138741	4.84031737014362	0.000561297274622732	0.0694339651903098	0.0898992389630315	53973	ENSG00000230787	PSAT1P3
17120522	0.866686154008014	3.34870390165955	5.61888818962185	0.000172685460953903	0.0503939999456628	1.17946789968326	54148	ENSG00000237169	RPL12P27
17121320	-1.6127136012021	3.8910223299595	-4.76358077990665	0.000633394747233489	0.0715864455200984	-0.0229013442085613	55126	ENSG00000259205	PRKXP1
17122614	-0.959136119835583	3.64567598948669	-4.68798918349438	0.00071404292892257	0.0755634491360979	-0.13493978952301	55270	ENSG00000244301	AOX3P
17123374	1.2214752262422	3.40639490200108	4.99216696197584	0.000443002840740334	0.0650009519040664	0.310298832936265	55850	ENSG00000230102	LINC02028
17124898	-1.13633512885422	4.46274782176523	-5.42175750524986	0.000230854370686591	0.0547728137151652	0.913162901270951	56774	ENSG00000179406	LINC00174
17124950	1.00696229168902	4.58158004441664	5.10013714645468	0.000375135097083652	0.0615184781266495	0.464707639268333	56881	ENSG00000251470	ASNSP4
17125032	1.32058701465263	4.27364040443011	8.80706265858502	3.14554130604331e-06	0.0124630058433053	4.64590715200515	56875	ENSG00000248498	ASNSP1
17125186	1.17555737014071	3.57826560828894	4.44504362860059	0.00105521367016117	0.0908998732430659	-0.50106668221028	57064	ENSG00000236404	VLDLR-AS1
17125928	-0.819034459333736	5.59777922460087	-4.47517484281702	0.00100487696913239	0.0900195741265373	-0.455167433344835	57177	ENSG00000204514	ZNF814
17126056	-0.819034459333736	5.59777922460087	-4.47517484281702	0.00100487696913239	0.0900195741265373	-0.455167433344835	57178	ENSG00000204514	ZNF814
17126208	1.75060558201156	5.16096074379225	4.88069526647814	0.000526893377492918	0.069403199696366	0.148871836849575	57151	ENSG00000148848	ADAM12
17126212	2.35695655164514	5.02137388738591	5.65929905531449	0.000162818409323066	0.0496272042089964	1.2332541649423	57152	ENSG00000148848	ADAM12
17126224	1.22508055998355	6.26148767131839	5.32299387902963	0.000267550346204326	0.0562932659240221	0.777291118860741	57316	ENSG00000225783	MIAT
